1,1,1292,296,17,15,1,1,1
2,1,1292,296,17,15,1,1,1
3,1,1292,296,17,15,1,1,1
4,1,1292,296,17,15,1,1,1
5,1,1292,296,17,15,1,1,1
6,1,1292,296,17,15,1,1,1
7,1,1292,296,17,15,1,1,1
8,1,1292,296,17,15,1,1,1
9,1,1292,296,17,15,1,1,1
10,1,1292,296,17,15,1,1,1
11,1,1292,296,17,15,1,1,1
12,1,1292,296,17,15,1,1,1
13,1,1292,296,17,15,1,1,1
14,1,1292,296,17,15,1,1,1
15,1,1292,296,17,15,1,1,1
16,1,1292,296,17,15,1,1,1
17,1,1292,296,17,15,1,1,1
18,1,1292,296,17,15,1,1,1
19,1,1292,296,17,15,1,1,1
20,1,1292,296,17,15,1,1,1
21,1,1292,296,17,15,1,1,1
22,1,1292,296,17,15,1,1,1
23,1,1292,296,17,15,1,1,1
24,1,1292,296,17,15,1,1,1
25,1,1292,296,17,15,1,1,1
26,1,1292,296,17,15,1,1,1
27,1,1292,296,17,15,1,1,1
28,1,1292,296,17,15,1,1,1
29,1,1292,296,17,15,1,1,1
30,1,1292,296,17,15,1,1,1
31,1,1292,296,17,15,1,1,1
32,1,1292,296,17,15,1,1,1
33,1,1292,296,17,15,1,1,1
34,1,1292,296,17,15,1,1,1
35,1,1292,296,17,15,1,1,1
36,1,1292,296,17,15,1,1,1
37,1,1292,296,17,15,1,1,1
38,1,1292,296,17,15,1,1,1
39,1,1292,296,17,15,1,1,1
40,1,1292,296,17,15,1,1,1
41,1,1292,296,17,15,1,1,1
42,1,1292,296,17,15,1,1,1
43,1,1292,296,17,15,1,1,1
44,1,1292,296,17,15,1,1,1
45,1,1292,296,17,15,1,1,1
46,1,1292,296,17,15,1,1,1
47,1,1292,296,17,15,1,1,1
48,1,1292,296,17,15,1,1,1
49,1,1292,296,17,15,1,1,1
50,1,1292,296,17,15,1,1,1
51,1,1292,296,17,15,1,1,1
52,1,1292,296,17,15,1,1,1
53,1,1292,296,17,15,1,1,1
54,1,1292,296,17,15,1,1,1
55,1,1292,296,17,15,1,1,1
56,1,1292,296,17,15,1,1,1
57,1,1292,296,17,15,1,1,1
58,1,1292,296,17,15,1,1,1
59,1,1292,296,17,15,1,1,1
60,1,1292,296,17,15,1,1,1
61,1,1292,296,17,15,1,1,1
62,1,1292,296,17,15,1,1,1
63,1,1292,296,17,15,1,1,1
64,1,1292,296,17,15,1,1,1
65,1,1292,296,17,15,1,1,1
66,1,1292,296,17,15,1,1,1
67,1,1292,296,17,15,1,1,1
68,1,1292,296,17,15,1,1,1
69,1,1292,296,17,15,1,1,1
70,1,1292,296,17,15,1,1,1
71,1,1292,296,17,15,1,1,1
72,1,1292,296,17,15,1,1,1
73,1,1292,296,17,15,1,1,1
74,1,1292,296,17,15,1,1,1
75,1,1292,296,17,15,1,1,1
76,1,1292,296,17,15,1,1,1
77,1,1292,296,17,15,1,1,1
78,1,1292,296,17,15,1,1,1
79,1,1292,296,17,15,1,1,1
80,1,1292,296,17,15,1,1,1
81,1,1292,296,17,15,1,1,1
82,1,1292,296,17,15,1,1,1
83,1,1292,296,17,15,1,1,1
84,1,1292,296,17,15,1,1,1
85,1,1292,296,17,15,1,1,1
86,1,1292,296,17,15,1,1,1
87,1,1292,296,17,15,1,1,1
88,1,1292,296,17,15,1,1,1
89,1,1292,296,17,15,1,1,1
90,1,1292,296,17,15,1,1,1
91,1,1292,296,17,15,1,1,1
92,1,1292,296,17,15,1,1,1
93,1,1292,296,17,15,1,1,1
94,1,1292,296,17,15,1,1,1
95,1,1292,296,17,15,1,1,1
96,1,1292,296,17,15,1,1,1
97,1,1292,296,17,15,1,1,1
98,1,1292,296,17,15,1,1,1
99,1,1292,296,17,15,1,1,1
100,1,1293,297,17,15,1,1,1
101,1,1293,297,17,15,1,1,1
102,1,1293,297,17,15,1,1,1
103,1,1293,297,17,15,1,1,1
104,1,1293,297,17,15,1,1,1
105,1,1293,297,17,15,1,1,1
106,1,1293,297,17,15,1,1,1
107,1,1293,297,17,15,1,1,1
108,1,1293,297,17,15,1,1,1
109,1,1293,297,17,15,1,1,1
110,1,1293,297,17,15,1,1,1
111,1,1293,297,17,15,1,1,1
112,1,1293,297,17,15,1,1,1
113,1,1293,297,17,15,1,1,1
114,1,1293,297,17,15,1,1,1
115,1,1293,297,17,15,1,1,1
116,1,1293,297,17,15,1,1,1
117,1,1293,297,17,15,1,1,1
118,1,1293,297,17,15,1,1,1
119,1,1293,297,17,15,1,1,1
120,1,1293,297,17,15,1,1,1
121,1,1293,297,17,15,1,1,1
122,1,1293,297,17,15,1,1,1
123,1,1293,297,17,15,1,1,1
124,1,1293,297,17,15,1,1,1
125,1,1293,297,17,15,1,1,1
126,1,1293,297,17,15,1,1,1
127,1,1293,297,17,15,1,1,1
128,1,1293,297,17,15,1,1,1
129,1,1293,297,17,15,1,1,1
130,1,1293,297,17,15,1,1,1
131,1,1293,297,17,15,1,1,1
132,1,1293,297,17,15,1,1,1
133,1,1293,297,17,15,1,1,1
134,1,1293,297,17,15,1,1,1
135,1,1293,297,17,15,1,1,1
136,1,1293,297,17,15,1,1,1
137,1,1293,297,17,15,1,1,1
138,1,1293,297,17,15,1,1,1
139,1,1293,297,17,15,1,1,1
140,1,1293,297,17,15,1,1,1
141,1,1293,297,17,15,1,1,1
142,1,1293,297,17,15,1,1,1
143,1,1293,297,17,15,1,1,1
144,1,1293,297,17,15,1,1,1
145,1,1293,297,17,15,1,1,1
146,1,1293,297,17,15,1,1,1
147,1,1293,297,17,15,1,1,1
148,1,1293,297,17,15,1,1,1
149,1,1293,297,17,15,1,1,1
150,1,1293,297,17,15,1,1,1
151,1,1293,297,17,15,1,1,1
152,1,1293,297,17,15,1,1,1
153,1,1293,297,17,15,1,1,1
154,1,1293,297,17,15,1,1,1
155,1,1293,297,17,15,1,1,1
156,1,1293,297,17,15,1,1,1
157,1,1293,297,17,15,1,1,1
158,1,1293,297,17,15,1,1,1
159,1,1293,297,17,15,1,1,1
160,1,1292,298,17,15,1,1,1
161,1,1292,298,17,15,1,1,1
162,1,1292,298,17,15,1,1,1
163,1,1292,298,17,15,1,1,1
164,1,1292,298,17,15,1,1,1
1,2,1451,154,35,49,1,1,1
2,2,1451,154,35,49,1,1,1
3,2,1451,154,35,49,1,1,1
4,2,1451,154,35,49,1,1,1
5,2,1451,154,35,49,1,1,1
6,2,1451,154,35,49,1,1,1
7,2,1451,154,35,49,1,1,1
8,2,1451,154,35,49,1,1,1
9,2,1451,154,35,49,1,1,1
10,2,1451,154,35,49,1,1,1
11,2,1451,154,35,49,1,1,1
12,2,1451,154,35,49,1,1,1
13,2,1451,154,35,49,1,1,1
14,2,1451,154,35,49,1,1,1
15,2,1451,154,35,49,1,1,1
16,2,1451,154,35,49,1,1,1
17,2,1451,154,35,49,1,1,1
18,2,1451,154,35,49,1,1,1
19,2,1451,154,35,49,1,1,1
20,2,1451,154,35,49,1,1,1
21,2,1451,154,35,49,1,1,1
22,2,1451,154,35,49,1,1,1
23,2,1451,154,35,49,1,1,1
24,2,1451,154,35,49,1,1,1
25,2,1451,154,35,49,1,1,1
26,2,1451,154,35,49,1,1,1
27,2,1451,154,35,49,1,1,1
28,2,1451,154,35,49,1,1,1
29,2,1451,154,35,49,1,1,1
30,2,1451,154,35,49,1,1,1
31,2,1451,154,35,49,1,1,1
32,2,1451,154,35,49,1,1,1
33,2,1451,154,35,49,1,1,1
34,2,1451,154,35,49,1,1,1
35,2,1451,154,35,49,1,1,1
36,2,1451,154,35,49,1,1,1
37,2,1451,154,35,49,1,1,1
38,2,1451,154,35,49,1,1,1
39,2,1451,154,35,49,1,1,1
40,2,1451,154,35,49,1,1,1
41,2,1451,154,35,49,1,1,1
42,2,1451,154,35,49,1,1,1
43,2,1451,154,35,49,1,1,1
44,2,1451,154,35,49,1,1,1
45,2,1451,154,35,49,1,1,1
46,2,1451,154,35,49,1,1,1
47,2,1451,154,35,49,1,1,1
48,2,1451,154,35,49,1,1,1
49,2,1451,154,35,49,1,1,1
50,2,1451,154,35,49,1,1,1
51,2,1451,154,35,49,1,1,1
52,2,1451,154,35,49,1,1,1
53,2,1451,154,35,49,1,1,1
54,2,1451,154,35,49,1,1,1
55,2,1451,154,35,49,1,1,1
56,2,1451,154,35,49,1,1,1
57,2,1451,154,35,49,1,1,1
58,2,1451,154,35,49,1,1,1
59,2,1451,154,35,49,1,1,1
60,2,1451,154,35,49,1,1,1
61,2,1451,154,35,49,1,1,1
62,2,1451,154,35,49,1,1,1
63,2,1451,154,35,49,1,1,1
64,2,1451,154,35,49,1,1,1
65,2,1451,154,35,49,1,1,1
66,2,1451,154,35,49,1,1,1
67,2,1451,154,35,49,1,1,1
68,2,1451,154,35,49,1,1,1
69,2,1451,154,35,49,1,1,1
70,2,1451,155,35,49,1,1,1
71,2,1451,155,35,49,1,1,1
72,2,1451,155,35,49,1,1,1
73,2,1451,155,35,49,1,1,1
74,2,1451,155,35,49,1,1,1
75,2,1451,155,35,49,1,1,1
76,2,1451,155,35,49,1,1,1
77,2,1451,155,35,49,1,1,1
78,2,1451,155,35,49,1,1,1
79,2,1451,155,35,49,1,1,1
80,2,1451,155,35,49,1,1,1
81,2,1451,155,35,49,1,1,1
82,2,1451,155,35,49,1,1,1
83,2,1451,155,35,49,1,1,1
84,2,1451,155,35,49,1,1,1
85,2,1451,155,35,49,1,1,1
86,2,1451,155,35,49,1,1,1
87,2,1451,155,35,49,1,1,1
88,2,1451,155,35,49,1,1,1
89,2,1451,155,35,49,1,1,1
90,2,1451,155,35,49,1,1,1
91,2,1451,155,35,49,1,1,1
92,2,1451,155,35,49,1,1,1
93,2,1451,155,35,49,1,1,1
94,2,1451,155,35,49,1,1,1
95,2,1451,155,35,49,1,1,1
96,2,1451,155,35,49,1,1,1
97,2,1451,155,35,49,1,1,1
98,2,1451,155,35,49,1,1,1
99,2,1451,155,35,49,1,1,1
100,2,1451,155,35,49,1,1,1
101,2,1450,155,35,49,1,1,1
102,2,1450,155,35,49,1,1,1
103,2,1450,155,35,49,1,1,1
104,2,1450,155,35,49,1,1,1
105,2,1450,155,35,49,1,1,1
106,2,1450,155,35,49,1,1,1
107,2,1450,155,35,49,1,1,1
108,2,1450,155,35,49,1,1,1
109,2,1450,155,35,49,1,1,1
110,2,1450,155,35,49,1,1,1
111,2,1450,155,35,49,1,1,1
112,2,1450,155,35,49,1,1,1
113,2,1450,155,35,49,1,1,1
114,2,1450,155,35,49,1,1,1
115,2,1450,155,35,49,1,1,1
116,2,1450,155,35,49,1,1,1
117,2,1450,155,35,49,1,1,1
118,2,1450,155,35,49,1,1,1
119,2,1450,155,35,49,1,1,1
120,2,1450,155,35,49,1,1,1
121,2,1450,155,35,49,1,1,1
122,2,1450,155,35,49,1,1,1
123,2,1450,155,35,49,1,1,1
124,2,1450,155,35,49,1,1,1
125,2,1450,155,35,49,1,1,1
126,2,1450,155,35,49,1,1,1
127,2,1450,155,35,49,1,1,1
128,2,1450,155,35,49,1,1,1
129,2,1450,155,35,49,1,1,1
130,2,1450,156,35,49,1,1,1
131,2,1450,156,35,49,1,1,1
132,2,1450,156,35,49,1,1,1
133,2,1450,156,35,49,1,1,1
134,2,1450,156,35,49,1,1,1
135,2,1450,156,35,49,1,1,1
136,2,1450,156,35,49,1,1,1
137,2,1450,156,35,49,1,1,1
138,2,1450,156,35,49,1,1,1
139,2,1450,156,35,49,1,1,1
140,2,1450,156,35,49,1,1,1
141,2,1450,156,35,49,1,1,1
142,2,1450,156,35,49,1,1,1
143,2,1450,156,35,49,1,1,1
144,2,1450,156,35,49,1,1,1
145,2,1450,156,35,49,1,1,1
146,2,1450,156,35,49,1,1,1
147,2,1450,156,35,49,1,1,1
148,2,1450,156,35,49,1,1,1
149,2,1450,156,35,49,1,1,1
150,2,1450,156,35,49,1,1,1
151,2,1450,156,35,49,1,1,1
152,2,1450,156,35,49,1,1,1
153,2,1450,156,35,49,1,1,1
154,2,1450,156,35,49,1,1,1
155,2,1450,156,35,49,1,1,1
156,2,1450,156,35,49,1,1,1
157,2,1450,156,35,49,1,1,1
158,2,1450,156,35,49,1,1,1
159,2,1450,156,35,49,1,1,1
160,2,1451,156,35,49,1,1,1
161,2,1451,156,35,49,1,1,1
162,2,1451,156,35,49,1,1,1
163,2,1451,156,35,49,1,1,1
164,2,1451,156,35,49,1,1,1
1,3,1874,35,14,16,1,1,1
2,3,1874,35,14,16,1,1,1
3,3,1874,35,14,16,1,1,1
4,3,1874,35,14,16,1,1,1
5,3,1874,35,14,16,1,1,1
6,3,1874,35,14,16,1,1,1
7,3,1874,35,14,16,1,1,1
8,3,1874,35,14,16,1,1,1
9,3,1874,35,14,16,1,1,1
10,3,1874,35,14,16,1,1,1
11,3,1874,35,14,16,1,1,1
12,3,1874,35,14,16,1,1,1
13,3,1874,35,14,16,1,1,1
14,3,1874,35,14,16,1,1,1
15,3,1874,35,14,16,1,1,1
16,3,1874,35,14,16,1,1,1
17,3,1874,35,14,16,1,1,1
18,3,1874,35,14,16,1,1,1
19,3,1874,35,14,16,1,1,1
20,3,1874,35,14,16,1,1,1
21,3,1874,35,14,16,1,1,1
22,3,1874,35,14,16,1,1,1
23,3,1874,35,14,16,1,1,1
24,3,1874,35,14,16,1,1,1
25,3,1874,35,14,16,1,1,1
26,3,1874,35,14,16,1,1,1
27,3,1874,35,14,16,1,1,1
28,3,1874,35,14,16,1,1,1
29,3,1874,35,14,16,1,1,1
30,3,1874,35,14,16,1,1,1
31,3,1874,35,14,16,1,1,1
32,3,1874,35,14,16,1,1,1
33,3,1874,35,14,16,1,1,1
34,3,1874,35,14,16,1,1,1
35,3,1874,35,14,16,1,1,1
36,3,1874,35,14,16,1,1,1
37,3,1874,35,14,16,1,1,1
38,3,1874,35,14,16,1,1,1
39,3,1874,35,14,16,1,1,1
40,3,1874,35,14,16,1,1,1
41,3,1874,35,14,16,1,1,1
42,3,1874,35,14,16,1,1,1
43,3,1874,35,14,16,1,1,1
44,3,1874,35,14,16,1,1,1
45,3,1874,35,14,16,1,1,1
46,3,1874,35,14,16,1,1,1
47,3,1874,35,14,16,1,1,1
48,3,1874,35,14,16,1,1,1
49,3,1874,35,14,16,1,1,1
50,3,1874,35,14,16,1,1,1
51,3,1874,35,14,16,1,1,1
52,3,1874,35,14,16,1,1,1
53,3,1874,35,14,16,1,1,1
54,3,1874,35,14,16,1,1,1
55,3,1874,35,14,16,1,1,1
56,3,1874,35,14,16,1,1,1
57,3,1874,35,14,16,1,1,1
58,3,1874,35,14,16,1,1,1
59,3,1874,35,14,16,1,1,1
60,3,1875,35,14,16,1,1,1
61,3,1875,35,14,16,1,1,1
62,3,1875,35,14,16,1,1,1
63,3,1875,35,14,16,1,1,1
64,3,1875,35,14,16,1,1,1
65,3,1875,35,14,16,1,1,1
66,3,1875,35,14,16,1,1,1
67,3,1875,35,14,16,1,1,1
68,3,1875,35,14,16,1,1,1
69,3,1875,35,14,16,1,1,1
70,3,1875,36,14,16,1,1,1
71,3,1875,36,14,16,1,1,1
72,3,1875,36,14,16,1,1,1
73,3,1875,36,14,16,1,1,1
74,3,1875,36,14,16,1,1,1
75,3,1875,36,14,16,1,1,1
76,3,1875,36,14,16,1,1,1
77,3,1875,36,14,16,1,1,1
78,3,1875,36,14,16,1,1,1
79,3,1875,36,14,16,1,1,1
80,3,1875,36,14,16,1,1,1
81,3,1875,36,14,16,1,1,1
82,3,1875,36,14,16,1,1,1
83,3,1875,36,14,16,1,1,1
84,3,1875,36,14,16,1,1,1
85,3,1875,36,14,16,1,1,1
86,3,1875,36,14,16,1,1,1
87,3,1875,36,14,16,1,1,1
88,3,1875,36,14,16,1,1,1
89,3,1875,36,14,16,1,1,1
90,3,1875,36,14,16,1,1,1
91,3,1875,36,14,16,1,1,1
92,3,1875,36,14,16,1,1,1
93,3,1875,36,14,16,1,1,1
94,3,1875,36,14,16,1,1,1
95,3,1875,36,14,16,1,1,1
96,3,1875,36,14,16,1,1,1
97,3,1875,36,14,16,1,1,1
98,3,1875,36,14,16,1,1,1
99,3,1875,36,14,16,1,1,1
100,3,1876,36,14,16,1,1,1
101,3,1876,36,14,16,1,1,1
102,3,1876,36,14,16,1,1,1
103,3,1876,36,14,16,1,1,1
104,3,1876,36,14,16,1,1,1
105,3,1876,36,14,16,1,1,1
106,3,1876,36,14,16,1,1,1
107,3,1876,36,14,16,1,1,1
108,3,1876,36,14,16,1,1,1
109,3,1876,36,14,16,1,1,1
110,3,1876,36,14,16,1,1,1
111,3,1876,36,14,16,1,1,1
112,3,1876,36,14,16,1,1,1
113,3,1876,36,14,16,1,1,1
114,3,1876,36,14,16,1,1,1
115,3,1876,36,14,16,1,1,1
116,3,1876,36,14,16,1,1,1
117,3,1876,36,14,16,1,1,1
118,3,1876,36,14,16,1,1,1
119,3,1876,36,14,16,1,1,1
120,3,1876,36,14,16,1,1,1
121,3,1876,36,14,16,1,1,1
122,3,1876,36,14,16,1,1,1
123,3,1876,36,14,16,1,1,1
124,3,1876,36,14,16,1,1,1
125,3,1876,36,14,16,1,1,1
126,3,1876,36,14,16,1,1,1
127,3,1876,36,14,16,1,1,1
128,3,1876,36,14,16,1,1,1
129,3,1876,36,14,16,1,1,1
130,3,1876,37,14,16,1,1,1
131,3,1876,37,14,16,1,1,1
132,3,1876,37,14,16,1,1,1
133,3,1876,37,14,16,1,1,1
134,3,1876,37,14,16,1,1,1
135,3,1876,37,14,16,1,1,1
136,3,1876,37,14,16,1,1,1
137,3,1876,37,14,16,1,1,1
138,3,1876,37,14,16,1,1,1
139,3,1876,37,14,16,1,1,1
140,3,1877,37,14,16,1,1,1
141,3,1877,37,14,16,1,1,1
142,3,1877,37,14,16,1,1,1
143,3,1877,37,14,16,1,1,1
144,3,1877,37,14,16,1,1,1
145,3,1877,37,14,16,1,1,1
146,3,1877,37,14,16,1,1,1
147,3,1877,37,14,16,1,1,1
148,3,1877,37,14,16,1,1,1
149,3,1877,37,14,16,1,1,1
150,3,1877,37,14,16,1,1,1
151,3,1877,37,14,16,1,1,1
152,3,1877,37,14,16,1,1,1
153,3,1877,37,14,16,1,1,1
154,3,1877,37,14,16,1,1,1
155,3,1877,37,14,16,1,1,1
156,3,1877,37,14,16,1,1,1
157,3,1877,37,14,16,1,1,1
158,3,1877,37,14,16,1,1,1
159,3,1877,37,14,16,1,1,1
160,3,1874,35,14,16,1,1,1
161,3,1874,35,14,16,1,1,1
162,3,1874,35,14,16,1,1,1
163,3,1874,36,14,16,1,1,1
164,3,1875,36,14,16,1,1,1
1,4,1902,32,17,16,1,1,1
2,4,1902,32,17,16,1,1,1
3,4,1902,32,17,16,1,1,1
4,4,1902,32,17,16,1,1,1
5,4,1902,32,17,16,1,1,1
6,4,1902,32,17,16,1,1,1
7,4,1902,32,17,16,1,1,1
8,4,1902,32,17,16,1,1,1
9,4,1902,32,17,16,1,1,1
10,4,1902,32,17,16,1,1,1
11,4,1902,32,17,16,1,1,1
12,4,1902,32,17,16,1,1,1
13,4,1902,32,17,16,1,1,1
14,4,1902,32,17,16,1,1,1
15,4,1902,32,17,16,1,1,1
16,4,1902,32,17,16,1,1,1
17,4,1902,32,17,16,1,1,1
18,4,1902,32,17,16,1,1,1
19,4,1902,32,17,16,1,1,1
20,4,1902,32,17,16,1,1,1
21,4,1902,32,17,16,1,1,1
22,4,1902,32,17,16,1,1,1
23,4,1902,32,17,16,1,1,1
24,4,1902,32,17,16,1,1,1
25,4,1902,32,17,16,1,1,1
26,4,1902,32,17,16,1,1,1
27,4,1902,32,17,16,1,1,1
28,4,1902,32,17,16,1,1,1
29,4,1902,32,17,16,1,1,1
30,4,1902,32,17,16,1,1,1
31,4,1902,32,17,16,1,1,1
32,4,1902,32,17,16,1,1,1
33,4,1902,32,17,16,1,1,1
34,4,1902,32,17,16,1,1,1
35,4,1902,32,17,16,1,1,1
36,4,1902,32,17,16,1,1,1
37,4,1902,32,17,16,1,1,1
38,4,1902,32,17,16,1,1,1
39,4,1902,32,17,16,1,1,1
40,4,1902,32,17,16,1,1,1
41,4,1902,32,17,16,1,1,1
42,4,1902,32,17,16,1,1,1
43,4,1902,32,17,16,1,1,1
44,4,1902,32,17,16,1,1,1
45,4,1902,32,17,16,1,1,1
46,4,1902,32,17,16,1,1,1
47,4,1902,32,17,16,1,1,1
48,4,1902,32,17,16,1,1,1
49,4,1902,32,17,16,1,1,1
50,4,1902,32,17,16,1,1,1
51,4,1902,32,17,16,1,1,1
52,4,1902,32,17,16,1,1,1
53,4,1902,32,17,16,1,1,1
54,4,1902,32,17,16,1,1,1
55,4,1902,32,17,16,1,1,1
56,4,1902,32,17,16,1,1,1
57,4,1902,32,17,16,1,1,1
58,4,1902,32,17,16,1,1,1
59,4,1902,32,17,16,1,1,1
60,4,1903,32,17,16,1,1,1
61,4,1903,32,17,16,1,1,1
62,4,1903,32,17,16,1,1,1
63,4,1903,32,17,16,1,1,1
64,4,1903,32,17,16,1,1,1
65,4,1903,32,17,16,1,1,1
66,4,1903,32,17,16,1,1,1
67,4,1903,32,17,16,1,1,1
68,4,1903,32,17,16,1,1,1
69,4,1903,32,17,16,1,1,1
70,4,1903,33,17,16,1,1,1
71,4,1903,33,17,16,1,1,1
72,4,1903,33,17,16,1,1,1
73,4,1903,33,17,16,1,1,1
74,4,1903,33,17,16,1,1,1
75,4,1903,33,17,16,1,1,1
76,4,1903,33,17,16,1,1,1
77,4,1903,33,17,16,1,1,1
78,4,1903,33,17,16,1,1,1
79,4,1903,33,17,16,1,1,1
80,4,1903,33,17,16,1,1,1
81,4,1903,33,17,16,1,1,1
82,4,1903,33,17,16,1,1,1
83,4,1903,33,17,16,1,1,1
84,4,1903,33,17,16,1,1,1
85,4,1903,33,17,16,1,1,1
86,4,1903,33,17,16,1,1,1
87,4,1903,33,17,16,1,1,1
88,4,1903,33,17,16,1,1,1
89,4,1903,33,17,16,1,1,1
90,4,1903,33,17,16,1,1,1
91,4,1903,33,17,16,1,1,1
92,4,1903,33,17,16,1,1,1
93,4,1903,33,17,16,1,1,1
94,4,1903,33,17,16,1,1,1
95,4,1903,33,17,16,1,1,1
96,4,1903,33,17,16,1,1,1
97,4,1903,33,17,16,1,1,1
98,4,1903,33,17,16,1,1,1
99,4,1903,33,17,16,1,1,1
100,4,1904,33,16,16,1,1,1
101,4,1904,33,16,16,1,1,1
102,4,1904,33,16,16,1,1,1
103,4,1904,33,16,16,1,1,1
104,4,1904,33,16,16,1,1,1
105,4,1904,33,16,16,1,1,1
106,4,1904,33,16,16,1,1,1
107,4,1904,33,16,16,1,1,1
108,4,1904,33,16,16,1,1,1
109,4,1904,33,16,16,1,1,1
110,4,1904,33,16,16,1,1,1
111,4,1904,33,16,16,1,1,1
112,4,1904,33,16,16,1,1,1
113,4,1904,33,16,16,1,1,1
114,4,1904,33,16,16,1,1,1
115,4,1904,33,16,16,1,1,1
116,4,1904,33,16,16,1,1,1
117,4,1904,33,16,16,1,1,1
118,4,1904,33,16,16,1,1,1
119,4,1904,33,16,16,1,1,1
120,4,1904,33,16,16,1,1,1
121,4,1904,33,16,16,1,1,1
122,4,1904,33,16,16,1,1,1
123,4,1904,33,16,16,1,1,1
124,4,1904,33,16,16,1,1,1
125,4,1904,33,16,16,1,1,1
126,4,1904,33,16,16,1,1,1
127,4,1904,33,16,16,1,1,1
128,4,1904,33,16,16,1,1,1
129,4,1904,33,16,16,1,1,1
130,4,1904,34,16,16,1,1,1
131,4,1904,34,16,16,1,1,1
132,4,1904,34,16,16,1,1,1
133,4,1904,34,16,16,1,1,1
134,4,1904,34,16,16,1,1,1
135,4,1904,34,16,16,1,1,1
136,4,1904,34,16,16,1,1,1
137,4,1904,34,16,16,1,1,1
138,4,1904,34,16,16,1,1,1
139,4,1904,34,16,16,1,1,1
140,4,1905,34,15,16,1,1,1
141,4,1905,34,15,16,1,1,1
142,4,1905,34,15,16,1,1,1
143,4,1905,34,15,16,1,1,1
144,4,1905,34,15,16,1,1,1
145,4,1905,34,15,16,1,1,1
146,4,1905,34,15,16,1,1,1
147,4,1905,34,15,16,1,1,1
148,4,1905,34,15,16,1,1,1
149,4,1905,34,15,16,1,1,1
150,4,1905,34,15,16,1,1,1
151,4,1905,34,15,16,1,1,1
152,4,1905,34,15,16,1,1,1
153,4,1905,34,15,16,1,1,1
154,4,1905,34,15,16,1,1,1
155,4,1905,34,15,16,1,1,1
156,4,1905,34,15,16,1,1,1
157,4,1905,34,15,16,1,1,1
158,4,1905,34,15,16,1,1,1
159,4,1905,34,15,16,1,1,1
160,4,1902,32,17,16,1,1,1
161,4,1902,32,17,16,1,1,1
162,4,1902,32,17,16,1,1,1
163,4,1902,32,17,16,1,1,1
164,4,1903,33,17,16,1,1,1
1,5,1881,69,13,11,1,1,1
2,5,1881,69,13,11,1,1,1
3,5,1881,69,13,11,1,1,1
4,5,1881,69,13,11,1,1,1
5,5,1881,69,13,11,1,1,1
6,5,1881,69,13,11,1,1,1
7,5,1881,69,13,11,1,1,1
8,5,1881,69,13,11,1,1,1
9,5,1881,69,13,11,1,1,1
10,5,1881,69,13,11,1,1,1
11,5,1881,69,13,11,1,1,1
12,5,1881,69,13,11,1,1,1
13,5,1881,69,13,11,1,1,1
14,5,1881,69,13,11,1,1,1
15,5,1881,69,13,11,1,1,1
16,5,1881,69,13,11,1,1,1
17,5,1881,69,13,11,1,1,1
18,5,1881,69,13,11,1,1,1
19,5,1881,69,13,11,1,1,1
20,5,1881,69,13,11,1,1,1
21,5,1881,69,13,11,1,1,1
22,5,1881,69,13,11,1,1,1
23,5,1881,69,13,11,1,1,1
24,5,1881,69,13,11,1,1,1
25,5,1881,69,13,11,1,1,1
26,5,1881,69,13,11,1,1,1
27,5,1881,69,13,11,1,1,1
28,5,1881,69,13,11,1,1,1
29,5,1881,69,13,11,1,1,1
30,5,1881,69,13,11,1,1,1
31,5,1881,69,13,11,1,1,1
32,5,1881,69,13,11,1,1,1
33,5,1881,69,13,11,1,1,1
34,5,1881,69,13,11,1,1,1
35,5,1881,69,13,11,1,1,1
36,5,1881,69,13,11,1,1,1
37,5,1881,69,13,11,1,1,1
38,5,1881,69,13,11,1,1,1
39,5,1881,69,13,11,1,1,1
40,5,1881,69,13,11,1,1,1
41,5,1881,69,13,11,1,1,1
42,5,1881,69,13,11,1,1,1
43,5,1881,69,13,11,1,1,1
44,5,1881,69,13,11,1,1,1
45,5,1881,69,13,11,1,1,1
46,5,1881,69,13,11,1,1,1
47,5,1881,69,13,11,1,1,1
48,5,1881,69,13,11,1,1,1
49,5,1881,69,13,11,1,1,1
50,5,1881,69,13,11,1,1,1
51,5,1881,69,13,11,1,1,1
52,5,1881,69,13,11,1,1,1
53,5,1881,69,13,11,1,1,1
54,5,1881,69,13,11,1,1,1
55,5,1881,69,13,11,1,1,1
56,5,1881,69,13,11,1,1,1
57,5,1881,69,13,11,1,1,1
58,5,1881,69,13,11,1,1,1
59,5,1881,69,13,11,1,1,1
60,5,1881,70,13,11,1,1,1
61,5,1881,70,13,11,1,1,1
62,5,1881,70,13,11,1,1,1
63,5,1881,70,13,11,1,1,1
64,5,1881,70,13,11,1,1,1
65,5,1881,70,13,11,1,1,1
66,5,1881,70,13,11,1,1,1
67,5,1881,70,13,11,1,1,1
68,5,1881,70,13,11,1,1,1
69,5,1881,70,13,11,1,1,1
70,5,1881,70,13,11,1,1,1
71,5,1881,70,13,11,1,1,1
72,5,1881,70,13,11,1,1,1
73,5,1881,70,13,11,1,1,1
74,5,1881,70,13,11,1,1,1
75,5,1881,70,13,11,1,1,1
76,5,1881,70,13,11,1,1,1
77,5,1881,70,13,11,1,1,1
78,5,1881,70,13,11,1,1,1
79,5,1881,70,13,11,1,1,1
80,5,1881,70,13,11,1,1,1
81,5,1881,70,13,11,1,1,1
82,5,1881,70,13,11,1,1,1
83,5,1881,70,13,11,1,1,1
84,5,1881,70,13,11,1,1,1
85,5,1881,70,13,11,1,1,1
86,5,1881,70,13,11,1,1,1
87,5,1881,70,13,11,1,1,1
88,5,1881,70,13,11,1,1,1
89,5,1881,70,13,11,1,1,1
90,5,1881,70,13,11,1,1,1
91,5,1881,70,13,11,1,1,1
92,5,1881,70,13,11,1,1,1
93,5,1881,70,13,11,1,1,1
94,5,1881,70,13,11,1,1,1
95,5,1881,70,13,11,1,1,1
96,5,1881,70,13,11,1,1,1
97,5,1881,70,13,11,1,1,1
98,5,1881,70,13,11,1,1,1
99,5,1881,70,13,11,1,1,1
100,5,1882,71,13,11,1,1,1
101,5,1882,71,13,11,1,1,1
102,5,1882,71,13,11,1,1,1
103,5,1882,71,13,11,1,1,1
104,5,1882,71,13,11,1,1,1
105,5,1882,71,13,11,1,1,1
106,5,1882,71,13,11,1,1,1
107,5,1882,71,13,11,1,1,1
108,5,1882,71,13,11,1,1,1
109,5,1882,71,13,11,1,1,1
110,5,1882,71,13,11,1,1,1
111,5,1882,71,13,11,1,1,1
112,5,1882,71,13,11,1,1,1
113,5,1882,71,13,11,1,1,1
114,5,1882,71,13,11,1,1,1
115,5,1882,71,13,11,1,1,1
116,5,1882,71,13,11,1,1,1
117,5,1882,71,13,11,1,1,1
118,5,1882,71,13,11,1,1,1
119,5,1882,71,13,11,1,1,1
120,5,1882,71,13,11,1,1,1
121,5,1882,71,13,11,1,1,1
122,5,1882,71,13,11,1,1,1
123,5,1882,71,13,11,1,1,1
124,5,1882,71,13,11,1,1,1
125,5,1882,71,13,11,1,1,1
126,5,1882,71,13,11,1,1,1
127,5,1882,71,13,11,1,1,1
128,5,1882,71,13,11,1,1,1
129,5,1882,71,13,11,1,1,1
130,5,1882,71,13,11,1,1,1
131,5,1882,71,13,11,1,1,1
132,5,1882,71,13,11,1,1,1
133,5,1882,71,13,11,1,1,1
134,5,1882,71,13,11,1,1,1
135,5,1882,71,13,11,1,1,1
136,5,1882,71,13,11,1,1,1
137,5,1882,71,13,11,1,1,1
138,5,1882,71,13,11,1,1,1
139,5,1882,71,13,11,1,1,1
140,5,1882,72,13,11,1,1,1
141,5,1882,72,13,11,1,1,1
142,5,1882,72,13,11,1,1,1
143,5,1882,72,13,11,1,1,1
144,5,1882,72,13,11,1,1,1
145,5,1882,72,13,11,1,1,1
146,5,1882,72,13,11,1,1,1
147,5,1882,72,13,11,1,1,1
148,5,1882,72,13,11,1,1,1
149,5,1882,72,13,11,1,1,1
150,5,1882,72,13,11,1,1,1
151,5,1882,72,13,11,1,1,1
152,5,1882,72,13,11,1,1,1
153,5,1882,72,13,11,1,1,1
154,5,1882,72,13,11,1,1,1
155,5,1882,72,13,11,1,1,1
156,5,1882,72,13,11,1,1,1
157,5,1882,72,13,11,1,1,1
158,5,1882,72,13,11,1,1,1
159,5,1882,72,13,11,1,1,1
160,5,1881,69,13,11,1,1,1
161,5,1881,70,13,11,1,1,1
162,5,1881,70,13,11,1,1,1
163,5,1881,71,13,11,1,1,1
164,5,1882,72,13,11,1,1,1
1,6,1604,116,20,21,1,1,1
2,6,1604,116,20,21,1,1,1
3,6,1604,116,20,21,1,1,1
4,6,1604,116,20,21,1,1,1
5,6,1604,116,20,21,1,1,1
6,6,1604,116,20,21,1,1,1
7,6,1604,116,20,21,1,1,1
8,6,1604,116,20,21,1,1,1
9,6,1604,116,20,21,1,1,1
10,6,1604,116,20,21,1,1,1
11,6,1604,116,20,21,1,1,1
12,6,1604,116,20,21,1,1,1
13,6,1604,116,20,21,1,1,1
14,6,1604,116,20,21,1,1,1
15,6,1604,116,20,21,1,1,1
16,6,1604,116,20,21,1,1,1
17,6,1604,116,20,21,1,1,1
18,6,1604,116,20,21,1,1,1
19,6,1604,116,20,21,1,1,1
20,6,1604,116,20,21,1,1,1
21,6,1604,116,20,21,1,1,1
22,6,1604,116,20,21,1,1,1
23,6,1604,116,20,21,1,1,1
24,6,1604,116,20,21,1,1,1
25,6,1604,116,20,21,1,1,1
26,6,1604,116,20,21,1,1,1
27,6,1604,116,20,21,1,1,1
28,6,1604,116,20,21,1,1,1
29,6,1604,116,20,21,1,1,1
30,6,1604,116,20,21,1,1,1
31,6,1604,116,20,21,1,1,1
32,6,1604,116,20,21,1,1,1
33,6,1604,116,20,21,1,1,1
34,6,1604,116,20,21,1,1,1
35,6,1604,116,20,21,1,1,1
36,6,1604,116,20,21,1,1,1
37,6,1604,116,20,21,1,1,1
38,6,1604,116,20,21,1,1,1
39,6,1604,116,20,21,1,1,1
40,6,1604,116,20,21,1,1,1
41,6,1604,116,20,21,1,1,1
42,6,1604,116,20,21,1,1,1
43,6,1604,116,20,21,1,1,1
44,6,1604,116,20,21,1,1,1
45,6,1604,116,20,21,1,1,1
46,6,1604,116,20,21,1,1,1
47,6,1604,116,20,21,1,1,1
48,6,1604,116,20,21,1,1,1
49,6,1604,116,20,21,1,1,1
50,6,1604,116,20,21,1,1,1
51,6,1604,116,20,21,1,1,1
52,6,1604,116,20,21,1,1,1
53,6,1604,116,20,21,1,1,1
54,6,1604,116,20,21,1,1,1
55,6,1604,116,20,21,1,1,1
56,6,1604,116,20,21,1,1,1
57,6,1604,116,20,21,1,1,1
58,6,1604,116,20,21,1,1,1
59,6,1604,116,20,21,1,1,1
60,6,1604,116,20,21,1,1,1
61,6,1604,116,20,21,1,1,1
62,6,1604,116,20,21,1,1,1
63,6,1604,116,20,21,1,1,1
64,6,1604,116,20,21,1,1,1
65,6,1604,116,20,21,1,1,1
66,6,1604,116,20,21,1,1,1
67,6,1604,116,20,21,1,1,1
68,6,1604,116,20,21,1,1,1
69,6,1604,116,20,21,1,1,1
70,6,1604,116,20,21,1,1,1
71,6,1604,116,20,21,1,1,1
72,6,1604,116,20,21,1,1,1
73,6,1604,116,20,21,1,1,1
74,6,1604,116,20,21,1,1,1
75,6,1604,116,20,21,1,1,1
76,6,1604,116,20,21,1,1,1
77,6,1604,116,20,21,1,1,1
78,6,1604,116,20,21,1,1,1
79,6,1604,116,20,21,1,1,1
80,6,1604,116,20,21,1,1,1
81,6,1604,116,20,21,1,1,1
82,6,1604,116,20,21,1,1,1
83,6,1604,116,20,21,1,1,1
84,6,1604,116,20,21,1,1,1
85,6,1604,116,20,21,1,1,1
86,6,1604,116,20,21,1,1,1
87,6,1604,116,20,21,1,1,1
88,6,1604,116,20,21,1,1,1
89,6,1604,116,20,21,1,1,1
90,6,1604,116,20,21,1,1,1
91,6,1604,116,20,21,1,1,1
92,6,1604,116,20,21,1,1,1
93,6,1604,116,20,21,1,1,1
94,6,1604,116,20,21,1,1,1
95,6,1604,116,20,21,1,1,1
96,6,1604,116,20,21,1,1,1
97,6,1604,116,20,21,1,1,1
98,6,1604,116,20,21,1,1,1
99,6,1604,116,20,21,1,1,1
100,6,1604,116,20,21,1,1,1
101,6,1604,116,20,21,1,1,1
102,6,1604,116,20,21,1,1,1
103,6,1604,116,20,21,1,1,1
104,6,1604,116,20,21,1,1,1
105,6,1604,116,20,21,1,1,1
106,6,1604,116,20,21,1,1,1
107,6,1604,116,20,21,1,1,1
108,6,1604,116,20,21,1,1,1
109,6,1604,116,20,21,1,1,1
110,6,1604,116,20,21,1,1,1
111,6,1604,116,20,21,1,1,1
112,6,1604,116,20,21,1,1,1
113,6,1604,116,20,21,1,1,1
114,6,1604,116,20,21,1,1,1
115,6,1604,116,20,21,1,1,1
116,6,1604,116,20,21,1,1,1
117,6,1604,116,20,21,1,1,1
118,6,1604,116,20,21,1,1,1
119,6,1604,116,20,21,1,1,1
120,6,1604,116,20,21,1,1,1
121,6,1604,116,20,21,1,1,1
122,6,1604,116,20,21,1,1,1
123,6,1604,116,20,21,1,1,1
124,6,1604,116,20,21,1,1,1
125,6,1604,116,20,21,1,1,1
126,6,1604,116,20,21,1,1,1
127,6,1604,116,20,21,1,1,1
128,6,1604,116,20,21,1,1,1
129,6,1604,116,20,21,1,1,1
130,6,1604,116,20,21,1,1,1
131,6,1604,116,20,21,1,1,1
132,6,1604,116,20,21,1,1,1
133,6,1604,116,20,21,1,1,1
134,6,1604,116,20,21,1,1,1
135,6,1604,116,20,21,1,1,1
136,6,1604,116,20,21,1,1,1
137,6,1604,116,20,21,1,1,1
138,6,1604,116,20,21,1,1,1
139,6,1604,116,20,21,1,1,1
140,6,1604,116,20,21,1,1,1
141,6,1604,116,20,21,1,1,1
142,6,1604,116,20,21,1,1,1
143,6,1604,116,20,21,1,1,1
144,6,1604,116,20,21,1,1,1
145,6,1604,116,20,21,1,1,1
146,6,1604,116,20,21,1,1,1
147,6,1604,116,20,21,1,1,1
148,6,1604,116,20,21,1,1,1
149,6,1604,116,20,21,1,1,1
150,6,1604,116,20,21,1,1,1
151,6,1604,116,20,21,1,1,1
152,6,1604,116,20,21,1,1,1
153,6,1604,116,20,21,1,1,1
154,6,1604,116,20,21,1,1,1
155,6,1604,116,20,21,1,1,1
156,6,1604,116,20,21,1,1,1
157,6,1604,116,20,21,1,1,1
158,6,1604,116,20,21,1,1,1
159,6,1604,116,20,21,1,1,1
160,6,1604,116,20,21,1,1,1
161,6,1604,116,20,21,1,1,1
162,6,1604,116,20,21,1,1,1
163,6,1604,116,20,21,1,1,1
164,6,1604,116,20,21,1,1,1
1,7,1651,227,11,17,1,1,1
2,7,1651,227,11,17,1,1,1
3,7,1651,227,11,17,1,1,1
4,7,1651,227,11,17,1,1,1
5,7,1651,227,11,17,1,1,1
6,7,1651,227,11,17,1,1,1
7,7,1651,227,11,17,1,1,1
8,7,1651,227,11,17,1,1,1
9,7,1651,227,11,17,1,1,1
10,7,1651,227,11,17,1,1,1
11,7,1651,227,11,17,1,1,1
12,7,1651,227,11,17,1,1,1
13,7,1651,227,11,17,1,1,1
14,7,1651,227,11,17,1,1,1
15,7,1651,227,11,17,1,1,1
16,7,1651,227,11,17,1,1,1
17,7,1651,227,11,17,1,1,1
18,7,1651,227,11,17,1,1,1
19,7,1651,227,11,17,1,1,1
20,7,1651,227,11,17,1,1,1
21,7,1651,227,11,17,1,1,1
22,7,1651,227,11,17,1,1,1
23,7,1651,227,11,17,1,1,1
24,7,1651,227,11,17,1,1,1
25,7,1651,227,11,17,1,1,1
26,7,1651,227,11,17,1,1,1
27,7,1651,227,11,17,1,1,1
28,7,1651,227,11,17,1,1,1
29,7,1651,227,11,17,1,1,1
30,7,1651,227,11,17,1,1,1
31,7,1651,227,11,17,1,1,1
32,7,1651,227,11,17,1,1,1
33,7,1651,227,11,17,1,1,1
34,7,1651,227,11,17,1,1,1
35,7,1651,227,11,17,1,1,1
36,7,1651,227,11,17,1,1,1
37,7,1651,227,11,17,1,1,1
38,7,1651,227,11,17,1,1,1
39,7,1651,227,11,17,1,1,1
40,7,1651,227,11,17,1,1,1
41,7,1651,227,11,17,1,1,1
42,7,1651,227,11,17,1,1,1
43,7,1651,227,11,17,1,1,1
44,7,1651,227,11,17,1,1,1
45,7,1651,227,11,17,1,1,1
46,7,1651,227,11,17,1,1,1
47,7,1651,227,11,17,1,1,1
48,7,1651,227,11,17,1,1,1
49,7,1651,227,11,17,1,1,1
50,7,1651,227,11,17,1,1,1
51,7,1651,227,11,17,1,1,1
52,7,1651,227,11,17,1,1,1
53,7,1651,227,11,17,1,1,1
54,7,1651,227,11,17,1,1,1
55,7,1651,227,11,17,1,1,1
56,7,1651,227,11,17,1,1,1
57,7,1651,227,11,17,1,1,1
58,7,1651,227,11,17,1,1,1
59,7,1651,227,11,17,1,1,1
60,7,1651,227,11,17,1,1,1
61,7,1651,227,11,17,1,1,1
62,7,1651,227,11,17,1,1,1
63,7,1651,227,11,17,1,1,1
64,7,1651,227,11,17,1,1,1
65,7,1651,227,11,17,1,1,1
66,7,1651,227,11,17,1,1,1
67,7,1651,227,11,17,1,1,1
68,7,1651,227,11,17,1,1,1
69,7,1651,227,11,17,1,1,1
70,7,1652,227,11,17,1,1,1
71,7,1652,227,11,17,1,1,1
72,7,1652,227,11,17,1,1,1
73,7,1652,227,11,17,1,1,1
74,7,1652,227,11,17,1,1,1
75,7,1652,227,11,17,1,1,1
76,7,1652,227,11,17,1,1,1
77,7,1652,227,11,17,1,1,1
78,7,1652,227,11,17,1,1,1
79,7,1652,227,11,17,1,1,1
80,7,1652,227,11,17,1,1,1
81,7,1652,227,11,17,1,1,1
82,7,1652,227,11,17,1,1,1
83,7,1652,227,11,17,1,1,1
84,7,1652,227,11,17,1,1,1
85,7,1652,227,11,17,1,1,1
86,7,1652,227,11,17,1,1,1
87,7,1652,227,11,17,1,1,1
88,7,1652,227,11,17,1,1,1
89,7,1652,227,11,17,1,1,1
90,7,1652,227,11,17,1,1,1
91,7,1652,227,11,17,1,1,1
92,7,1652,227,11,17,1,1,1
93,7,1652,227,11,17,1,1,1
94,7,1652,227,11,17,1,1,1
95,7,1652,227,11,17,1,1,1
96,7,1652,227,11,17,1,1,1
97,7,1652,227,11,17,1,1,1
98,7,1652,227,11,17,1,1,1
99,7,1652,227,11,17,1,1,1
100,7,1652,228,11,17,1,1,1
101,7,1652,228,11,17,1,1,1
102,7,1652,228,11,17,1,1,1
103,7,1652,228,11,17,1,1,1
104,7,1652,228,11,17,1,1,1
105,7,1652,228,11,17,1,1,1
106,7,1652,228,11,17,1,1,1
107,7,1652,228,11,17,1,1,1
108,7,1652,228,11,17,1,1,1
109,7,1652,228,11,17,1,1,1
110,7,1652,228,11,17,1,1,1
111,7,1652,228,11,17,1,1,1
112,7,1652,228,11,17,1,1,1
113,7,1652,228,11,17,1,1,1
114,7,1652,228,11,17,1,1,1
115,7,1652,228,11,17,1,1,1
116,7,1652,228,11,17,1,1,1
117,7,1652,228,11,17,1,1,1
118,7,1652,228,11,17,1,1,1
119,7,1652,228,11,17,1,1,1
120,7,1652,228,11,17,1,1,1
121,7,1652,228,11,17,1,1,1
122,7,1652,228,11,17,1,1,1
123,7,1652,228,11,17,1,1,1
124,7,1652,228,11,17,1,1,1
125,7,1652,228,11,17,1,1,1
126,7,1652,228,11,17,1,1,1
127,7,1652,228,11,17,1,1,1
128,7,1652,228,11,17,1,1,1
129,7,1652,228,11,17,1,1,1
130,7,1653,228,11,17,1,1,1
131,7,1653,228,11,17,1,1,1
132,7,1653,228,11,17,1,1,1
133,7,1653,228,11,17,1,1,1
134,7,1653,228,11,17,1,1,1
135,7,1653,228,11,17,1,1,1
136,7,1653,228,11,17,1,1,1
137,7,1653,228,11,17,1,1,1
138,7,1653,228,11,17,1,1,1
139,7,1653,228,11,17,1,1,1
140,7,1653,228,11,17,1,1,1
141,7,1653,228,11,17,1,1,1
142,7,1653,228,11,17,1,1,1
143,7,1653,228,11,17,1,1,1
144,7,1653,228,11,17,1,1,1
145,7,1653,228,11,17,1,1,1
146,7,1653,228,11,17,1,1,1
147,7,1653,228,11,17,1,1,1
148,7,1653,228,11,17,1,1,1
149,7,1653,228,11,17,1,1,1
150,7,1653,228,11,17,1,1,1
151,7,1653,228,11,17,1,1,1
152,7,1653,228,11,17,1,1,1
153,7,1653,228,11,17,1,1,1
154,7,1653,228,11,17,1,1,1
155,7,1653,228,11,17,1,1,1
156,7,1653,228,11,17,1,1,1
157,7,1653,228,11,17,1,1,1
158,7,1653,228,11,17,1,1,1
159,7,1653,228,11,17,1,1,1
160,7,1651,227,11,17,1,1,1
161,7,1651,227,11,17,1,1,1
162,7,1651,227,11,17,1,1,1
163,7,1651,227,11,17,1,1,1
164,7,1651,227,11,17,1,1,1
1,8,1742,199,12,20,1,1,1
2,8,1742,199,12,20,1,1,1
3,8,1742,199,12,20,1,1,1
4,8,1742,199,12,20,1,1,1
5,8,1742,199,12,20,1,1,1
6,8,1742,199,12,20,1,1,1
7,8,1742,199,12,20,1,1,1
8,8,1742,199,12,20,1,1,1
9,8,1742,199,12,20,1,1,1
10,8,1742,199,12,20,1,1,1
11,8,1742,199,12,20,1,1,1
12,8,1742,199,12,20,1,1,1
13,8,1742,199,12,20,1,1,1
14,8,1742,199,12,20,1,1,1
15,8,1742,199,12,20,1,1,1
16,8,1742,199,12,20,1,1,1
17,8,1742,199,12,20,1,1,1
18,8,1742,199,12,20,1,1,1
19,8,1742,199,12,20,1,1,1
20,8,1742,199,12,20,1,1,1
21,8,1742,199,12,20,1,1,1
22,8,1742,199,12,20,1,1,1
23,8,1742,199,12,20,1,1,1
24,8,1742,199,12,20,1,1,1
25,8,1742,199,12,20,1,1,1
26,8,1742,199,12,20,1,1,1
27,8,1742,199,12,20,1,1,1
28,8,1742,199,12,20,1,1,1
29,8,1742,199,12,20,1,1,1
30,8,1742,199,12,20,1,1,1
31,8,1742,199,12,20,1,1,1
32,8,1742,199,12,20,1,1,1
33,8,1742,199,12,20,1,1,1
34,8,1742,199,12,20,1,1,1
35,8,1742,199,12,20,1,1,1
36,8,1742,199,12,20,1,1,1
37,8,1742,199,12,20,1,1,1
38,8,1742,199,12,20,1,1,1
39,8,1742,199,12,20,1,1,1
40,8,1742,199,12,20,1,1,1
41,8,1742,199,12,20,1,1,1
42,8,1742,199,12,20,1,1,1
43,8,1742,199,12,20,1,1,1
44,8,1742,199,12,20,1,1,1
45,8,1742,199,12,20,1,1,1
46,8,1742,199,12,20,1,1,1
47,8,1742,199,12,20,1,1,1
48,8,1742,199,12,20,1,1,1
49,8,1742,199,12,20,1,1,1
50,8,1742,199,12,20,1,1,1
51,8,1742,199,12,20,1,1,1
52,8,1742,199,12,20,1,1,1
53,8,1742,199,12,20,1,1,1
54,8,1742,199,12,20,1,1,1
55,8,1742,199,12,20,1,1,1
56,8,1742,199,12,20,1,1,1
57,8,1742,199,12,20,1,1,1
58,8,1742,199,12,20,1,1,1
59,8,1742,199,12,20,1,1,1
60,8,1742,200,12,20,1,1,1
61,8,1742,200,12,20,1,1,1
62,8,1742,200,12,20,1,1,1
63,8,1742,200,12,20,1,1,1
64,8,1742,200,12,20,1,1,1
65,8,1742,200,12,20,1,1,1
66,8,1742,200,12,20,1,1,1
67,8,1742,200,12,20,1,1,1
68,8,1742,200,12,20,1,1,1
69,8,1742,200,12,20,1,1,1
70,8,1742,200,12,20,1,1,1
71,8,1742,200,12,20,1,1,1
72,8,1742,200,12,20,1,1,1
73,8,1742,200,12,20,1,1,1
74,8,1742,200,12,20,1,1,1
75,8,1742,200,12,20,1,1,1
76,8,1742,200,12,20,1,1,1
77,8,1742,200,12,20,1,1,1
78,8,1742,200,12,20,1,1,1
79,8,1742,200,12,20,1,1,1
80,8,1742,200,12,20,1,1,1
81,8,1742,200,12,20,1,1,1
82,8,1742,200,12,20,1,1,1
83,8,1742,200,12,20,1,1,1
84,8,1742,200,12,20,1,1,1
85,8,1742,200,12,20,1,1,1
86,8,1742,200,12,20,1,1,1
87,8,1742,200,12,20,1,1,1
88,8,1742,200,12,20,1,1,1
89,8,1742,200,12,20,1,1,1
90,8,1742,200,12,20,1,1,1
91,8,1742,200,12,20,1,1,1
92,8,1742,200,12,20,1,1,1
93,8,1742,200,12,20,1,1,1
94,8,1742,200,12,20,1,1,1
95,8,1742,200,12,20,1,1,1
96,8,1742,200,12,20,1,1,1
97,8,1742,200,12,20,1,1,1
98,8,1742,200,12,20,1,1,1
99,8,1742,200,12,20,1,1,1
100,8,1743,201,12,20,1,1,1
101,8,1743,201,12,20,1,1,1
102,8,1743,201,12,20,1,1,1
103,8,1743,201,12,20,1,1,1
104,8,1743,201,12,20,1,1,1
105,8,1743,201,12,20,1,1,1
106,8,1743,201,12,20,1,1,1
107,8,1743,201,12,20,1,1,1
108,8,1743,201,12,20,1,1,1
109,8,1743,201,12,20,1,1,1
110,8,1743,201,12,20,1,1,1
111,8,1743,201,12,20,1,1,1
112,8,1743,201,12,20,1,1,1
113,8,1743,201,12,20,1,1,1
114,8,1743,201,12,20,1,1,1
115,8,1743,201,12,20,1,1,1
116,8,1743,201,12,20,1,1,1
117,8,1743,201,12,20,1,1,1
118,8,1743,201,12,20,1,1,1
119,8,1743,201,12,20,1,1,1
120,8,1743,201,12,20,1,1,1
121,8,1743,201,12,20,1,1,1
122,8,1743,201,12,20,1,1,1
123,8,1743,201,12,20,1,1,1
124,8,1743,201,12,20,1,1,1
125,8,1743,201,12,20,1,1,1
126,8,1743,201,12,20,1,1,1
127,8,1743,201,12,20,1,1,1
128,8,1743,201,12,20,1,1,1
129,8,1743,201,12,20,1,1,1
130,8,1743,201,12,20,1,1,1
131,8,1743,201,12,20,1,1,1
132,8,1743,201,12,20,1,1,1
133,8,1743,201,12,20,1,1,1
134,8,1743,201,12,20,1,1,1
135,8,1743,201,12,20,1,1,1
136,8,1743,201,12,20,1,1,1
137,8,1743,201,12,20,1,1,1
138,8,1743,201,12,20,1,1,1
139,8,1743,201,12,20,1,1,1
140,8,1743,202,12,20,1,1,1
141,8,1743,202,12,20,1,1,1
142,8,1743,202,12,20,1,1,1
143,8,1743,202,12,20,1,1,1
144,8,1743,202,12,20,1,1,1
145,8,1743,202,12,20,1,1,1
146,8,1743,202,12,20,1,1,1
147,8,1743,202,12,20,1,1,1
148,8,1743,202,12,20,1,1,1
149,8,1743,202,12,20,1,1,1
150,8,1743,202,12,20,1,1,1
151,8,1743,202,12,20,1,1,1
152,8,1743,202,12,20,1,1,1
153,8,1743,202,12,20,1,1,1
154,8,1743,202,12,20,1,1,1
155,8,1743,202,12,20,1,1,1
156,8,1743,202,12,20,1,1,1
157,8,1743,202,12,20,1,1,1
158,8,1743,202,12,20,1,1,1
159,8,1743,202,12,20,1,1,1
160,8,1742,199,12,20,1,1,1
161,8,1742,199,12,20,1,1,1
162,8,1742,199,12,20,1,1,1
163,8,1742,199,12,20,1,1,1
164,8,1742,199,12,20,1,1,1
1,9,1663,187,18,16,1,1,1
2,9,1663,187,18,16,1,1,1
3,9,1663,187,18,16,1,1,1
4,9,1663,187,18,16,1,1,1
5,9,1663,187,18,16,1,1,1
6,9,1663,187,18,16,1,1,1
7,9,1663,187,18,16,1,1,1
8,9,1663,187,18,16,1,1,1
9,9,1663,187,18,16,1,1,1
10,9,1663,187,18,16,1,1,1
11,9,1663,187,18,16,1,1,1
12,9,1663,187,18,16,1,1,1
13,9,1663,187,18,16,1,1,1
14,9,1663,187,18,16,1,1,1
15,9,1663,187,18,16,1,1,1
16,9,1663,187,18,16,1,1,1
17,9,1663,187,18,16,1,1,1
18,9,1663,187,18,16,1,1,1
19,9,1663,187,18,16,1,1,1
20,9,1663,187,18,16,1,1,1
21,9,1663,187,18,16,1,1,1
22,9,1663,187,18,16,1,1,1
23,9,1663,187,18,16,1,1,1
24,9,1663,187,18,16,1,1,1
25,9,1663,187,18,16,1,1,1
26,9,1663,187,18,16,1,1,1
27,9,1663,187,18,16,1,1,1
28,9,1663,187,18,16,1,1,1
29,9,1663,187,18,16,1,1,1
30,9,1663,187,18,16,1,1,1
31,9,1663,187,18,16,1,1,1
32,9,1663,187,18,16,1,1,1
33,9,1663,187,18,16,1,1,1
34,9,1663,187,18,16,1,1,1
35,9,1663,187,18,16,1,1,1
36,9,1663,187,18,16,1,1,1
37,9,1663,187,18,16,1,1,1
38,9,1663,187,18,16,1,1,1
39,9,1663,187,18,16,1,1,1
40,9,1663,187,18,16,1,1,1
41,9,1663,187,18,16,1,1,1
42,9,1663,187,18,16,1,1,1
43,9,1663,187,18,16,1,1,1
44,9,1663,187,18,16,1,1,1
45,9,1663,187,18,16,1,1,1
46,9,1663,187,18,16,1,1,1
47,9,1663,187,18,16,1,1,1
48,9,1663,187,18,16,1,1,1
49,9,1663,187,18,16,1,1,1
50,9,1663,187,18,16,1,1,1
51,9,1663,187,18,16,1,1,1
52,9,1663,187,18,16,1,1,1
53,9,1663,187,18,16,1,1,1
54,9,1663,187,18,16,1,1,1
55,9,1663,187,18,16,1,1,1
56,9,1663,187,18,16,1,1,1
57,9,1663,187,18,16,1,1,1
58,9,1663,187,18,16,1,1,1
59,9,1663,187,18,16,1,1,1
60,9,1663,188,18,16,1,1,1
61,9,1663,188,18,16,1,1,1
62,9,1663,188,18,16,1,1,1
63,9,1663,188,18,16,1,1,1
64,9,1663,188,18,16,1,1,1
65,9,1663,188,18,16,1,1,1
66,9,1663,188,18,16,1,1,1
67,9,1663,188,18,16,1,1,1
68,9,1663,188,18,16,1,1,1
69,9,1663,188,18,16,1,1,1
70,9,1663,188,18,16,1,1,1
71,9,1663,188,18,16,1,1,1
72,9,1663,188,18,16,1,1,1
73,9,1663,188,18,16,1,1,1
74,9,1663,188,18,16,1,1,1
75,9,1663,188,18,16,1,1,1
76,9,1663,188,18,16,1,1,1
77,9,1663,188,18,16,1,1,1
78,9,1663,188,18,16,1,1,1
79,9,1663,188,18,16,1,1,1
80,9,1663,188,18,16,1,1,1
81,9,1663,188,18,16,1,1,1
82,9,1663,188,18,16,1,1,1
83,9,1663,188,18,16,1,1,1
84,9,1663,188,18,16,1,1,1
85,9,1663,188,18,16,1,1,1
86,9,1663,188,18,16,1,1,1
87,9,1663,188,18,16,1,1,1
88,9,1663,188,18,16,1,1,1
89,9,1663,188,18,16,1,1,1
90,9,1663,188,18,16,1,1,1
91,9,1663,188,18,16,1,1,1
92,9,1663,188,18,16,1,1,1
93,9,1663,188,18,16,1,1,1
94,9,1663,188,18,16,1,1,1
95,9,1663,188,18,16,1,1,1
96,9,1663,188,18,16,1,1,1
97,9,1663,188,18,16,1,1,1
98,9,1663,188,18,16,1,1,1
99,9,1663,188,18,16,1,1,1
100,9,1663,189,18,16,1,1,1
101,9,1663,189,18,16,1,1,1
102,9,1663,189,18,16,1,1,1
103,9,1663,189,18,16,1,1,1
104,9,1663,189,18,16,1,1,1
105,9,1663,189,18,16,1,1,1
106,9,1663,189,18,16,1,1,1
107,9,1663,189,18,16,1,1,1
108,9,1663,189,18,16,1,1,1
109,9,1663,189,18,16,1,1,1
110,9,1663,189,18,16,1,1,1
111,9,1663,189,18,16,1,1,1
112,9,1663,189,18,16,1,1,1
113,9,1663,189,18,16,1,1,1
114,9,1663,189,18,16,1,1,1
115,9,1663,189,18,16,1,1,1
116,9,1663,189,18,16,1,1,1
117,9,1663,189,18,16,1,1,1
118,9,1663,189,18,16,1,1,1
119,9,1663,189,18,16,1,1,1
120,9,1663,189,18,16,1,1,1
121,9,1663,189,18,16,1,1,1
122,9,1663,189,18,16,1,1,1
123,9,1663,189,18,16,1,1,1
124,9,1663,189,18,16,1,1,1
125,9,1663,189,18,16,1,1,1
126,9,1663,189,18,16,1,1,1
127,9,1663,189,18,16,1,1,1
128,9,1663,189,18,16,1,1,1
129,9,1663,189,18,16,1,1,1
130,9,1663,189,18,16,1,1,1
131,9,1663,189,18,16,1,1,1
132,9,1663,189,18,16,1,1,1
133,9,1663,189,18,16,1,1,1
134,9,1663,189,18,16,1,1,1
135,9,1663,189,18,16,1,1,1
136,9,1663,189,18,16,1,1,1
137,9,1663,189,18,16,1,1,1
138,9,1663,189,18,16,1,1,1
139,9,1663,189,18,16,1,1,1
140,9,1663,190,18,16,1,1,1
141,9,1663,190,18,16,1,1,1
142,9,1663,190,18,16,1,1,1
143,9,1663,190,18,16,1,1,1
144,9,1663,190,18,16,1,1,1
145,9,1663,190,18,16,1,1,1
146,9,1663,190,18,16,1,1,1
147,9,1663,190,18,16,1,1,1
148,9,1663,190,18,16,1,1,1
149,9,1663,190,18,16,1,1,1
150,9,1663,190,18,16,1,1,1
151,9,1663,190,18,16,1,1,1
152,9,1663,190,18,16,1,1,1
153,9,1663,190,18,16,1,1,1
154,9,1663,190,18,16,1,1,1
155,9,1663,190,18,16,1,1,1
156,9,1663,190,18,16,1,1,1
157,9,1663,190,18,16,1,1,1
158,9,1663,190,18,16,1,1,1
159,9,1663,190,18,16,1,1,1
160,9,1663,187,18,16,1,1,1
161,9,1663,187,18,16,1,1,1
162,9,1663,187,18,16,1,1,1
163,9,1663,187,18,16,1,1,1
164,9,1663,187,18,16,1,1,1
1,10,1601,139,14,16,1,1,1
2,10,1601,139,14,16,1,1,1
3,10,1601,139,14,16,1,1,1
4,10,1601,139,14,16,1,1,1
5,10,1601,139,14,16,1,1,1
6,10,1601,139,14,16,1,1,1
7,10,1601,139,14,16,1,1,1
8,10,1601,139,14,16,1,1,1
9,10,1601,139,14,16,1,1,1
10,10,1601,139,14,16,1,1,1
11,10,1601,139,14,16,1,1,1
12,10,1601,139,14,16,1,1,1
13,10,1601,139,14,16,1,1,1
14,10,1601,139,14,16,1,1,1
15,10,1601,139,14,16,1,1,1
16,10,1601,139,14,16,1,1,1
17,10,1601,139,14,16,1,1,1
18,10,1601,139,14,16,1,1,1
19,10,1601,139,14,16,1,1,1
20,10,1601,139,14,16,1,1,1
21,10,1601,139,14,16,1,1,1
22,10,1601,139,14,16,1,1,1
23,10,1601,139,14,16,1,1,1
24,10,1601,139,14,16,1,1,1
25,10,1601,139,14,16,1,1,1
26,10,1601,139,14,16,1,1,1
27,10,1601,139,14,16,1,1,1
28,10,1601,139,14,16,1,1,1
29,10,1601,139,14,16,1,1,1
30,10,1601,139,14,16,1,1,1
31,10,1601,139,14,16,1,1,1
32,10,1601,139,14,16,1,1,1
33,10,1601,139,14,16,1,1,1
34,10,1601,139,14,16,1,1,1
35,10,1601,139,14,16,1,1,1
36,10,1601,139,14,16,1,1,1
37,10,1601,139,14,16,1,1,1
38,10,1601,139,14,16,1,1,1
39,10,1601,139,14,16,1,1,1
40,10,1601,139,14,16,1,1,1
41,10,1601,139,14,16,1,1,1
42,10,1601,139,14,16,1,1,1
43,10,1601,139,14,16,1,1,1
44,10,1601,139,14,16,1,1,1
45,10,1601,139,14,16,1,1,1
46,10,1601,139,14,16,1,1,1
47,10,1601,139,14,16,1,1,1
48,10,1601,139,14,16,1,1,1
49,10,1601,139,14,16,1,1,1
50,10,1601,139,14,16,1,1,1
51,10,1601,139,14,16,1,1,1
52,10,1601,139,14,16,1,1,1
53,10,1601,139,14,16,1,1,1
54,10,1601,139,14,16,1,1,1
55,10,1601,139,14,16,1,1,1
56,10,1601,139,14,16,1,1,1
57,10,1601,139,14,16,1,1,1
58,10,1601,139,14,16,1,1,1
59,10,1601,139,14,16,1,1,1
60,10,1601,139,14,16,1,1,1
61,10,1601,139,14,16,1,1,1
62,10,1601,139,14,16,1,1,1
63,10,1601,139,14,16,1,1,1
64,10,1601,139,14,16,1,1,1
65,10,1601,139,14,16,1,1,1
66,10,1601,139,14,16,1,1,1
67,10,1601,139,14,16,1,1,1
68,10,1601,139,14,16,1,1,1
69,10,1601,139,14,16,1,1,1
70,10,1601,139,14,16,1,1,1
71,10,1601,139,14,16,1,1,1
72,10,1601,139,14,16,1,1,1
73,10,1601,139,14,16,1,1,1
74,10,1601,139,14,16,1,1,1
75,10,1601,139,14,16,1,1,1
76,10,1601,139,14,16,1,1,1
77,10,1601,139,14,16,1,1,1
78,10,1601,139,14,16,1,1,1
79,10,1601,139,14,16,1,1,1
80,10,1601,139,14,16,1,1,1
81,10,1601,139,14,16,1,1,1
82,10,1601,139,14,16,1,1,1
83,10,1601,139,14,16,1,1,1
84,10,1601,139,14,16,1,1,1
85,10,1601,139,14,16,1,1,1
86,10,1601,139,14,16,1,1,1
87,10,1601,139,14,16,1,1,1
88,10,1601,139,14,16,1,1,1
89,10,1601,139,14,16,1,1,1
90,10,1601,139,14,16,1,1,1
91,10,1601,139,14,16,1,1,1
92,10,1601,139,14,16,1,1,1
93,10,1601,139,14,16,1,1,1
94,10,1601,139,14,16,1,1,1
95,10,1601,139,14,16,1,1,1
96,10,1601,139,14,16,1,1,1
97,10,1601,139,14,16,1,1,1
98,10,1601,139,14,16,1,1,1
99,10,1601,139,14,16,1,1,1
100,10,1602,139,14,16,1,1,1
101,10,1602,139,14,16,1,1,1
102,10,1602,139,14,16,1,1,1
103,10,1602,139,14,16,1,1,1
104,10,1602,139,14,16,1,1,1
105,10,1602,139,14,16,1,1,1
106,10,1602,139,14,16,1,1,1
107,10,1602,139,14,16,1,1,1
108,10,1602,139,14,16,1,1,1
109,10,1602,139,14,16,1,1,1
110,10,1602,139,14,16,1,1,1
111,10,1602,139,14,16,1,1,1
112,10,1602,139,14,16,1,1,1
113,10,1602,139,14,16,1,1,1
114,10,1602,139,14,16,1,1,1
115,10,1602,139,14,16,1,1,1
116,10,1602,139,14,16,1,1,1
117,10,1602,139,14,16,1,1,1
118,10,1602,139,14,16,1,1,1
119,10,1602,139,14,16,1,1,1
120,10,1602,139,14,16,1,1,1
121,10,1602,139,14,16,1,1,1
122,10,1602,139,14,16,1,1,1
123,10,1602,139,14,16,1,1,1
124,10,1602,139,14,16,1,1,1
125,10,1602,139,14,16,1,1,1
126,10,1602,139,14,16,1,1,1
127,10,1602,139,14,16,1,1,1
128,10,1602,139,14,16,1,1,1
129,10,1602,139,14,16,1,1,1
130,10,1602,139,14,16,1,1,1
131,10,1602,139,14,16,1,1,1
132,10,1602,139,14,16,1,1,1
133,10,1602,139,14,16,1,1,1
134,10,1602,139,14,16,1,1,1
135,10,1602,139,14,16,1,1,1
136,10,1602,139,14,16,1,1,1
137,10,1602,139,14,16,1,1,1
138,10,1602,139,14,16,1,1,1
139,10,1602,139,14,16,1,1,1
140,10,1602,139,14,16,1,1,1
141,10,1602,139,14,16,1,1,1
142,10,1602,139,14,16,1,1,1
143,10,1602,139,14,16,1,1,1
144,10,1602,139,14,16,1,1,1
145,10,1602,139,14,16,1,1,1
146,10,1602,139,14,16,1,1,1
147,10,1602,139,14,16,1,1,1
148,10,1602,139,14,16,1,1,1
149,10,1602,139,14,16,1,1,1
150,10,1602,139,14,16,1,1,1
151,10,1602,139,14,16,1,1,1
152,10,1602,139,14,16,1,1,1
153,10,1602,139,14,16,1,1,1
154,10,1602,139,14,16,1,1,1
155,10,1602,139,14,16,1,1,1
156,10,1602,139,14,16,1,1,1
157,10,1602,139,14,16,1,1,1
158,10,1602,139,14,16,1,1,1
159,10,1602,139,14,16,1,1,1
160,10,1601,139,14,16,1,1,1
161,10,1601,139,14,16,1,1,1
162,10,1601,139,14,16,1,1,1
163,10,1601,139,14,16,1,1,1
164,10,1601,139,14,16,1,1,1
1,11,1604,159,16,14,1,1,1
2,11,1604,159,16,14,1,1,1
3,11,1604,159,16,14,1,1,1
4,11,1604,159,16,14,1,1,1
5,11,1604,159,16,14,1,1,1
6,11,1604,159,16,14,1,1,1
7,11,1604,159,16,14,1,1,1
8,11,1604,159,16,14,1,1,1
9,11,1604,159,16,14,1,1,1
10,11,1604,159,16,14,1,1,1
11,11,1604,159,16,14,1,1,1
12,11,1604,159,16,14,1,1,1
13,11,1604,159,16,14,1,1,1
14,11,1604,159,16,14,1,1,1
15,11,1604,159,16,14,1,1,1
16,11,1604,159,16,14,1,1,1
17,11,1604,159,16,14,1,1,1
18,11,1604,159,16,14,1,1,1
19,11,1604,159,16,14,1,1,1
20,11,1604,159,16,14,1,1,1
21,11,1604,159,16,14,1,1,1
22,11,1604,159,16,14,1,1,1
23,11,1604,159,16,14,1,1,1
24,11,1604,159,16,14,1,1,1
25,11,1604,159,16,14,1,1,1
26,11,1604,159,16,14,1,1,1
27,11,1604,159,16,14,1,1,1
28,11,1604,159,16,14,1,1,1
29,11,1604,159,16,14,1,1,1
30,11,1604,159,16,14,1,1,1
31,11,1604,159,16,14,1,1,1
32,11,1604,159,16,14,1,1,1
33,11,1604,159,16,14,1,1,1
34,11,1604,159,16,14,1,1,1
35,11,1604,159,16,14,1,1,1
36,11,1604,159,16,14,1,1,1
37,11,1604,159,16,14,1,1,1
38,11,1604,159,16,14,1,1,1
39,11,1604,159,16,14,1,1,1
40,11,1604,159,16,14,1,1,1
41,11,1604,159,16,14,1,1,1
42,11,1604,159,16,14,1,1,1
43,11,1604,159,16,14,1,1,1
44,11,1604,159,16,14,1,1,1
45,11,1604,159,16,14,1,1,1
46,11,1604,159,16,14,1,1,1
47,11,1604,159,16,14,1,1,1
48,11,1604,159,16,14,1,1,1
49,11,1604,159,16,14,1,1,1
50,11,1604,159,16,14,1,1,1
51,11,1604,159,16,14,1,1,1
52,11,1604,159,16,14,1,1,1
53,11,1604,159,16,14,1,1,1
54,11,1604,159,16,14,1,1,1
55,11,1604,159,16,14,1,1,1
56,11,1604,159,16,14,1,1,1
57,11,1604,159,16,14,1,1,1
58,11,1604,159,16,14,1,1,1
59,11,1604,159,16,14,1,1,1
60,11,1604,159,16,14,1,1,1
61,11,1604,159,16,14,1,1,1
62,11,1604,159,16,14,1,1,1
63,11,1604,159,16,14,1,1,1
64,11,1604,159,16,14,1,1,1
65,11,1604,159,16,14,1,1,1
66,11,1604,159,16,14,1,1,1
67,11,1604,159,16,14,1,1,1
68,11,1604,159,16,14,1,1,1
69,11,1604,159,16,14,1,1,1
70,11,1604,159,16,14,1,1,1
71,11,1604,159,16,14,1,1,1
72,11,1604,159,16,14,1,1,1
73,11,1604,159,16,14,1,1,1
74,11,1604,159,16,14,1,1,1
75,11,1604,159,16,14,1,1,1
76,11,1604,159,16,14,1,1,1
77,11,1604,159,16,14,1,1,1
78,11,1604,159,16,14,1,1,1
79,11,1604,159,16,14,1,1,1
80,11,1604,159,16,14,1,1,1
81,11,1604,159,16,14,1,1,1
82,11,1604,159,16,14,1,1,1
83,11,1604,159,16,14,1,1,1
84,11,1604,159,16,14,1,1,1
85,11,1604,159,16,14,1,1,1
86,11,1604,159,16,14,1,1,1
87,11,1604,159,16,14,1,1,1
88,11,1604,159,16,14,1,1,1
89,11,1604,159,16,14,1,1,1
90,11,1604,159,16,14,1,1,1
91,11,1604,159,16,14,1,1,1
92,11,1604,159,16,14,1,1,1
93,11,1604,159,16,14,1,1,1
94,11,1604,159,16,14,1,1,1
95,11,1604,159,16,14,1,1,1
96,11,1604,159,16,14,1,1,1
97,11,1604,159,16,14,1,1,1
98,11,1604,159,16,14,1,1,1
99,11,1604,159,16,14,1,1,1
100,11,1605,159,16,14,1,1,1
101,11,1605,159,16,14,1,1,1
102,11,1605,159,16,14,1,1,1
103,11,1605,159,16,14,1,1,1
104,11,1605,159,16,14,1,1,1
105,11,1605,159,16,14,1,1,1
106,11,1605,159,16,14,1,1,1
107,11,1605,159,16,14,1,1,1
108,11,1605,159,16,14,1,1,1
109,11,1605,159,16,14,1,1,1
110,11,1605,159,16,14,1,1,1
111,11,1605,159,16,14,1,1,1
112,11,1605,159,16,14,1,1,1
113,11,1605,159,16,14,1,1,1
114,11,1605,159,16,14,1,1,1
115,11,1605,159,16,14,1,1,1
116,11,1605,159,16,14,1,1,1
117,11,1605,159,16,14,1,1,1
118,11,1605,159,16,14,1,1,1
119,11,1605,159,16,14,1,1,1
120,11,1605,159,16,14,1,1,1
121,11,1605,159,16,14,1,1,1
122,11,1605,159,16,14,1,1,1
123,11,1605,159,16,14,1,1,1
124,11,1605,159,16,14,1,1,1
125,11,1605,159,16,14,1,1,1
126,11,1605,159,16,14,1,1,1
127,11,1605,159,16,14,1,1,1
128,11,1605,159,16,14,1,1,1
129,11,1605,159,16,14,1,1,1
130,11,1605,159,16,14,1,1,1
131,11,1605,159,16,14,1,1,1
132,11,1605,159,16,14,1,1,1
133,11,1605,159,16,14,1,1,1
134,11,1605,159,16,14,1,1,1
135,11,1605,159,16,14,1,1,1
136,11,1605,159,16,14,1,1,1
137,11,1605,159,16,14,1,1,1
138,11,1605,159,16,14,1,1,1
139,11,1605,159,16,14,1,1,1
140,11,1605,159,16,14,1,1,1
141,11,1605,159,16,14,1,1,1
142,11,1605,159,16,14,1,1,1
143,11,1605,159,16,14,1,1,1
144,11,1605,159,16,14,1,1,1
145,11,1605,159,16,14,1,1,1
146,11,1605,159,16,14,1,1,1
147,11,1605,159,16,14,1,1,1
148,11,1605,159,16,14,1,1,1
149,11,1605,159,16,14,1,1,1
150,11,1605,159,16,14,1,1,1
151,11,1605,159,16,14,1,1,1
152,11,1605,159,16,14,1,1,1
153,11,1605,159,16,14,1,1,1
154,11,1605,159,16,14,1,1,1
155,11,1605,159,16,14,1,1,1
156,11,1605,159,16,14,1,1,1
157,11,1605,159,16,14,1,1,1
158,11,1605,159,16,14,1,1,1
159,11,1605,159,16,14,1,1,1
160,11,1604,159,16,14,1,1,1
161,11,1604,159,16,14,1,1,1
162,11,1604,159,16,14,1,1,1
163,11,1604,159,16,14,1,1,1
164,11,1604,159,16,14,1,1,1
1,12,1612,177,15,14,1,1,1
2,12,1612,177,15,14,1,1,1
3,12,1612,177,15,14,1,1,1
4,12,1612,177,15,14,1,1,1
5,12,1612,177,15,14,1,1,1
6,12,1612,177,15,14,1,1,1
7,12,1612,177,15,14,1,1,1
8,12,1612,177,15,14,1,1,1
9,12,1612,177,15,14,1,1,1
10,12,1612,177,15,14,1,1,1
11,12,1612,177,15,14,1,1,1
12,12,1612,177,15,14,1,1,1
13,12,1612,177,15,14,1,1,1
14,12,1612,177,15,14,1,1,1
15,12,1612,177,15,14,1,1,1
16,12,1612,177,15,14,1,1,1
17,12,1612,177,15,14,1,1,1
18,12,1612,177,15,14,1,1,1
19,12,1612,177,15,14,1,1,1
20,12,1612,177,15,14,1,1,1
21,12,1612,177,15,14,1,1,1
22,12,1612,177,15,14,1,1,1
23,12,1612,177,15,14,1,1,1
24,12,1612,177,15,14,1,1,1
25,12,1612,177,15,14,1,1,1
26,12,1612,177,15,14,1,1,1
27,12,1612,177,15,14,1,1,1
28,12,1612,177,15,14,1,1,1
29,12,1612,177,15,14,1,1,1
30,12,1612,177,15,14,1,1,1
31,12,1612,177,15,14,1,1,1
32,12,1612,177,15,14,1,1,1
33,12,1612,177,15,14,1,1,1
34,12,1612,177,15,14,1,1,1
35,12,1612,177,15,14,1,1,1
36,12,1612,177,15,14,1,1,1
37,12,1612,177,15,14,1,1,1
38,12,1612,177,15,14,1,1,1
39,12,1612,177,15,14,1,1,1
40,12,1612,177,15,14,1,1,1
41,12,1612,177,15,14,1,1,1
42,12,1612,177,15,14,1,1,1
43,12,1612,177,15,14,1,1,1
44,12,1612,177,15,14,1,1,1
45,12,1612,177,15,14,1,1,1
46,12,1612,177,15,14,1,1,1
47,12,1612,177,15,14,1,1,1
48,12,1612,177,15,14,1,1,1
49,12,1612,177,15,14,1,1,1
50,12,1612,177,15,14,1,1,1
51,12,1612,177,15,14,1,1,1
52,12,1612,177,15,14,1,1,1
53,12,1612,177,15,14,1,1,1
54,12,1612,177,15,14,1,1,1
55,12,1612,177,15,14,1,1,1
56,12,1612,177,15,14,1,1,1
57,12,1612,177,15,14,1,1,1
58,12,1612,177,15,14,1,1,1
59,12,1612,177,15,14,1,1,1
60,12,1612,178,15,14,1,1,1
61,12,1612,178,15,14,1,1,1
62,12,1612,178,15,14,1,1,1
63,12,1612,178,15,14,1,1,1
64,12,1612,178,15,14,1,1,1
65,12,1612,178,15,14,1,1,1
66,12,1612,178,15,14,1,1,1
67,12,1612,178,15,14,1,1,1
68,12,1612,178,15,14,1,1,1
69,12,1612,178,15,14,1,1,1
70,12,1612,178,15,14,1,1,1
71,12,1612,178,15,14,1,1,1
72,12,1612,178,15,14,1,1,1
73,12,1612,178,15,14,1,1,1
74,12,1612,178,15,14,1,1,1
75,12,1612,178,15,14,1,1,1
76,12,1612,178,15,14,1,1,1
77,12,1612,178,15,14,1,1,1
78,12,1612,178,15,14,1,1,1
79,12,1612,178,15,14,1,1,1
80,12,1612,179,15,14,1,1,1
81,12,1612,179,15,14,1,1,1
82,12,1612,179,15,14,1,1,1
83,12,1612,179,15,14,1,1,1
84,12,1612,179,15,14,1,1,1
85,12,1612,179,15,14,1,1,1
86,12,1612,179,15,14,1,1,1
87,12,1612,179,15,14,1,1,1
88,12,1612,179,15,14,1,1,1
89,12,1612,179,15,14,1,1,1
90,12,1612,179,15,14,1,1,1
91,12,1612,179,15,14,1,1,1
92,12,1612,179,15,14,1,1,1
93,12,1612,179,15,14,1,1,1
94,12,1612,179,15,14,1,1,1
95,12,1612,179,15,14,1,1,1
96,12,1612,179,15,14,1,1,1
97,12,1612,179,15,14,1,1,1
98,12,1612,179,15,14,1,1,1
99,12,1612,179,15,14,1,1,1
100,12,1613,179,15,14,1,1,1
101,12,1613,179,15,14,1,1,1
102,12,1613,179,15,14,1,1,1
103,12,1613,179,15,14,1,1,1
104,12,1613,179,15,14,1,1,1
105,12,1613,179,15,14,1,1,1
106,12,1613,179,15,14,1,1,1
107,12,1613,179,15,14,1,1,1
108,12,1613,179,15,14,1,1,1
109,12,1613,179,15,14,1,1,1
110,12,1613,180,15,14,1,1,1
111,12,1613,180,15,14,1,1,1
112,12,1613,180,15,14,1,1,1
113,12,1613,180,15,14,1,1,1
114,12,1613,180,15,14,1,1,1
115,12,1613,180,15,14,1,1,1
116,12,1613,180,15,14,1,1,1
117,12,1613,180,15,14,1,1,1
118,12,1613,180,15,14,1,1,1
119,12,1613,180,15,14,1,1,1
120,12,1613,180,15,14,1,1,1
121,12,1613,180,15,14,1,1,1
122,12,1613,180,15,14,1,1,1
123,12,1613,180,15,14,1,1,1
124,12,1613,180,15,14,1,1,1
125,12,1613,180,15,14,1,1,1
126,12,1613,180,15,14,1,1,1
127,12,1613,180,15,14,1,1,1
128,12,1613,180,15,14,1,1,1
129,12,1613,180,15,14,1,1,1
130,12,1613,180,15,14,1,1,1
131,12,1613,180,15,14,1,1,1
132,12,1613,180,15,14,1,1,1
133,12,1613,180,15,14,1,1,1
134,12,1613,180,15,14,1,1,1
135,12,1613,180,15,14,1,1,1
136,12,1613,180,15,14,1,1,1
137,12,1613,180,15,14,1,1,1
138,12,1613,180,15,14,1,1,1
139,12,1613,180,15,14,1,1,1
140,12,1613,181,15,14,1,1,1
141,12,1613,181,15,14,1,1,1
142,12,1613,181,15,14,1,1,1
143,12,1613,181,15,14,1,1,1
144,12,1613,181,15,14,1,1,1
145,12,1613,181,15,14,1,1,1
146,12,1613,181,15,14,1,1,1
147,12,1613,181,15,14,1,1,1
148,12,1613,181,15,14,1,1,1
149,12,1613,181,15,14,1,1,1
150,12,1613,181,15,14,1,1,1
151,12,1613,181,15,14,1,1,1
152,12,1613,181,15,14,1,1,1
153,12,1613,181,15,14,1,1,1
154,12,1613,181,15,14,1,1,1
155,12,1613,181,15,14,1,1,1
156,12,1613,181,15,14,1,1,1
157,12,1613,181,15,14,1,1,1
158,12,1613,181,15,14,1,1,1
159,12,1613,181,15,14,1,1,1
160,12,1612,177,15,14,1,1,1
161,12,1612,177,15,14,1,1,1
162,12,1612,177,15,14,1,1,1
163,12,1612,177,15,14,1,1,1
164,12,1612,177,15,14,1,1,1
1,13,1779,152,18,21,1,1,1
2,13,1779,152,18,21,1,1,1
3,13,1779,152,18,21,1,1,1
4,13,1779,152,18,21,1,1,1
5,13,1779,152,18,21,1,1,1
6,13,1779,152,18,21,1,1,1
7,13,1779,152,18,21,1,1,1
8,13,1779,152,18,21,1,1,1
9,13,1779,152,18,21,1,1,1
10,13,1779,152,18,21,1,1,1
11,13,1779,152,18,21,1,1,1
12,13,1779,152,18,21,1,1,1
13,13,1779,152,18,21,1,1,1
14,13,1779,152,18,21,1,1,1
15,13,1779,152,18,21,1,1,1
16,13,1779,152,18,21,1,1,1
17,13,1779,152,18,21,1,1,1
18,13,1779,152,18,21,1,1,1
19,13,1779,152,18,21,1,1,1
20,13,1779,152,18,21,1,1,1
21,13,1779,152,18,21,1,1,1
22,13,1779,152,18,21,1,1,1
23,13,1779,152,18,21,1,1,1
24,13,1779,152,18,21,1,1,1
25,13,1779,152,18,21,1,1,1
26,13,1779,152,18,21,1,1,1
27,13,1779,152,18,21,1,1,1
28,13,1779,152,18,21,1,1,1
29,13,1779,152,18,21,1,1,1
30,13,1779,152,18,21,1,1,1
31,13,1779,152,18,21,1,1,1
32,13,1779,152,18,21,1,1,1
33,13,1779,152,18,21,1,1,1
34,13,1779,152,18,21,1,1,1
35,13,1779,152,18,21,1,1,1
36,13,1779,152,18,21,1,1,1
37,13,1779,152,18,21,1,1,1
38,13,1779,152,18,21,1,1,1
39,13,1779,152,18,21,1,1,1
40,13,1779,152,18,21,1,1,1
41,13,1779,152,18,21,1,1,1
42,13,1779,152,18,21,1,1,1
43,13,1779,152,18,21,1,1,1
44,13,1779,152,18,21,1,1,1
45,13,1779,152,18,21,1,1,1
46,13,1779,152,18,21,1,1,1
47,13,1779,152,18,21,1,1,1
48,13,1779,152,18,21,1,1,1
49,13,1779,152,18,21,1,1,1
50,13,1779,152,18,21,1,1,1
51,13,1779,152,18,21,1,1,1
52,13,1779,152,18,21,1,1,1
53,13,1779,152,18,21,1,1,1
54,13,1779,152,18,21,1,1,1
55,13,1779,152,18,21,1,1,1
56,13,1779,152,18,21,1,1,1
57,13,1779,152,18,21,1,1,1
58,13,1779,152,18,21,1,1,1
59,13,1779,152,18,21,1,1,1
60,13,1780,152,18,21,1,1,1
61,13,1780,152,18,21,1,1,1
62,13,1780,152,18,21,1,1,1
63,13,1780,152,18,21,1,1,1
64,13,1780,152,18,21,1,1,1
65,13,1780,152,18,21,1,1,1
66,13,1780,152,18,21,1,1,1
67,13,1780,152,18,21,1,1,1
68,13,1780,152,18,21,1,1,1
69,13,1780,152,18,21,1,1,1
70,13,1780,152,18,21,1,1,1
71,13,1780,152,18,21,1,1,1
72,13,1780,152,18,21,1,1,1
73,13,1780,152,18,21,1,1,1
74,13,1780,152,18,21,1,1,1
75,13,1780,152,18,21,1,1,1
76,13,1780,152,18,21,1,1,1
77,13,1780,152,18,21,1,1,1
78,13,1780,152,18,21,1,1,1
79,13,1780,152,18,21,1,1,1
80,13,1780,152,18,21,1,1,1
81,13,1780,152,18,21,1,1,1
82,13,1780,152,18,21,1,1,1
83,13,1780,152,18,21,1,1,1
84,13,1780,152,18,21,1,1,1
85,13,1780,152,18,21,1,1,1
86,13,1780,152,18,21,1,1,1
87,13,1780,152,18,21,1,1,1
88,13,1780,152,18,21,1,1,1
89,13,1780,152,18,21,1,1,1
90,13,1780,152,18,21,1,1,1
91,13,1780,152,18,21,1,1,1
92,13,1780,152,18,21,1,1,1
93,13,1780,152,18,21,1,1,1
94,13,1780,152,18,21,1,1,1
95,13,1780,152,18,21,1,1,1
96,13,1780,152,18,21,1,1,1
97,13,1780,152,18,21,1,1,1
98,13,1780,152,18,21,1,1,1
99,13,1780,152,18,21,1,1,1
100,13,1781,152,18,21,1,1,1
101,13,1781,152,18,21,1,1,1
102,13,1781,152,18,21,1,1,1
103,13,1781,152,18,21,1,1,1
104,13,1781,152,18,21,1,1,1
105,13,1781,152,18,21,1,1,1
106,13,1781,152,18,21,1,1,1
107,13,1781,152,18,21,1,1,1
108,13,1781,152,18,21,1,1,1
109,13,1781,152,18,21,1,1,1
110,13,1781,152,18,21,1,1,1
111,13,1781,152,18,21,1,1,1
112,13,1781,152,18,21,1,1,1
113,13,1781,152,18,21,1,1,1
114,13,1781,152,18,21,1,1,1
115,13,1781,152,18,21,1,1,1
116,13,1781,152,18,21,1,1,1
117,13,1781,152,18,21,1,1,1
118,13,1781,152,18,21,1,1,1
119,13,1781,152,18,21,1,1,1
120,13,1781,152,18,21,1,1,1
121,13,1781,152,18,21,1,1,1
122,13,1781,152,18,21,1,1,1
123,13,1781,152,18,21,1,1,1
124,13,1781,152,18,21,1,1,1
125,13,1781,152,18,21,1,1,1
126,13,1781,152,18,21,1,1,1
127,13,1781,152,18,21,1,1,1
128,13,1781,152,18,21,1,1,1
129,13,1781,152,18,21,1,1,1
130,13,1781,152,18,21,1,1,1
131,13,1781,152,18,21,1,1,1
132,13,1781,152,18,21,1,1,1
133,13,1781,152,18,21,1,1,1
134,13,1781,152,18,21,1,1,1
135,13,1781,152,18,21,1,1,1
136,13,1781,152,18,21,1,1,1
137,13,1781,152,18,21,1,1,1
138,13,1781,152,18,21,1,1,1
139,13,1781,152,18,21,1,1,1
140,13,1782,152,18,21,1,1,1
141,13,1782,152,18,21,1,1,1
142,13,1782,152,18,21,1,1,1
143,13,1782,152,18,21,1,1,1
144,13,1782,152,18,21,1,1,1
145,13,1782,152,18,21,1,1,1
146,13,1782,152,18,21,1,1,1
147,13,1782,152,18,21,1,1,1
148,13,1782,152,18,21,1,1,1
149,13,1782,152,18,21,1,1,1
150,13,1782,152,18,21,1,1,1
151,13,1782,152,18,21,1,1,1
152,13,1782,152,18,21,1,1,1
153,13,1782,152,18,21,1,1,1
154,13,1782,152,18,21,1,1,1
155,13,1782,152,18,21,1,1,1
156,13,1782,152,18,21,1,1,1
157,13,1782,152,18,21,1,1,1
158,13,1782,152,18,21,1,1,1
159,13,1782,152,18,21,1,1,1
160,13,1779,152,18,21,1,1,1
161,13,1779,152,18,21,1,1,1
162,13,1779,152,18,21,1,1,1
163,13,1779,152,18,21,1,1,1
164,13,1779,152,18,21,1,1,1
1,14,1760,191,16,16,1,1,1
2,14,1760,191,16,16,1,1,1
3,14,1760,191,16,16,1,1,1
4,14,1760,191,16,16,1,1,1
5,14,1760,191,16,16,1,1,1
6,14,1760,191,16,16,1,1,1
7,14,1760,191,16,16,1,1,1
8,14,1760,191,16,16,1,1,1
9,14,1760,191,16,16,1,1,1
10,14,1760,191,16,16,1,1,1
11,14,1760,191,16,16,1,1,1
12,14,1760,191,16,16,1,1,1
13,14,1760,191,16,16,1,1,1
14,14,1760,191,16,16,1,1,1
15,14,1760,191,16,16,1,1,1
16,14,1760,191,16,16,1,1,1
17,14,1760,191,16,16,1,1,1
18,14,1760,191,16,16,1,1,1
19,14,1760,191,16,16,1,1,1
20,14,1760,191,16,16,1,1,1
21,14,1760,191,16,16,1,1,1
22,14,1760,191,16,16,1,1,1
23,14,1760,191,16,16,1,1,1
24,14,1760,191,16,16,1,1,1
25,14,1760,191,16,16,1,1,1
26,14,1760,191,16,16,1,1,1
27,14,1760,191,16,16,1,1,1
28,14,1760,191,16,16,1,1,1
29,14,1760,191,16,16,1,1,1
30,14,1760,191,16,16,1,1,1
31,14,1760,191,16,16,1,1,1
32,14,1760,191,16,16,1,1,1
33,14,1760,191,16,16,1,1,1
34,14,1760,191,16,16,1,1,1
35,14,1760,191,16,16,1,1,1
36,14,1760,191,16,16,1,1,1
37,14,1760,191,16,16,1,1,1
38,14,1760,191,16,16,1,1,1
39,14,1760,191,16,16,1,1,1
40,14,1760,191,16,16,1,1,1
41,14,1760,191,16,16,1,1,1
42,14,1760,191,16,16,1,1,1
43,14,1760,191,16,16,1,1,1
44,14,1760,191,16,16,1,1,1
45,14,1760,191,16,16,1,1,1
46,14,1760,191,16,16,1,1,1
47,14,1760,191,16,16,1,1,1
48,14,1760,191,16,16,1,1,1
49,14,1760,191,16,16,1,1,1
50,14,1760,191,16,16,1,1,1
51,14,1760,191,16,16,1,1,1
52,14,1760,191,16,16,1,1,1
53,14,1760,191,16,16,1,1,1
54,14,1760,191,16,16,1,1,1
55,14,1760,191,16,16,1,1,1
56,14,1760,191,16,16,1,1,1
57,14,1760,191,16,16,1,1,1
58,14,1760,191,16,16,1,1,1
59,14,1760,191,16,16,1,1,1
60,14,1760,192,16,16,1,1,1
61,14,1760,192,16,16,1,1,1
62,14,1760,192,16,16,1,1,1
63,14,1760,192,16,16,1,1,1
64,14,1760,192,16,16,1,1,1
65,14,1760,192,16,16,1,1,1
66,14,1760,192,16,16,1,1,1
67,14,1760,192,16,16,1,1,1
68,14,1760,192,16,16,1,1,1
69,14,1760,192,16,16,1,1,1
70,14,1761,192,16,16,1,1,1
71,14,1761,192,16,16,1,1,1
72,14,1761,192,16,16,1,1,1
73,14,1761,192,16,16,1,1,1
74,14,1761,192,16,16,1,1,1
75,14,1761,192,16,16,1,1,1
76,14,1761,192,16,16,1,1,1
77,14,1761,192,16,16,1,1,1
78,14,1761,192,16,16,1,1,1
79,14,1761,192,16,16,1,1,1
80,14,1761,193,16,16,1,1,1
81,14,1761,193,16,16,1,1,1
82,14,1761,193,16,16,1,1,1
83,14,1761,193,16,16,1,1,1
84,14,1761,193,16,16,1,1,1
85,14,1761,193,16,16,1,1,1
86,14,1761,193,16,16,1,1,1
87,14,1761,193,16,16,1,1,1
88,14,1761,193,16,16,1,1,1
89,14,1761,193,16,16,1,1,1
90,14,1761,193,16,16,1,1,1
91,14,1761,193,16,16,1,1,1
92,14,1761,193,16,16,1,1,1
93,14,1761,193,16,16,1,1,1
94,14,1761,193,16,16,1,1,1
95,14,1761,193,16,16,1,1,1
96,14,1761,193,16,16,1,1,1
97,14,1761,193,16,16,1,1,1
98,14,1761,193,16,16,1,1,1
99,14,1761,193,16,16,1,1,1
100,14,1761,193,16,16,1,1,1
101,14,1761,193,16,16,1,1,1
102,14,1761,193,16,16,1,1,1
103,14,1761,193,16,16,1,1,1
104,14,1761,193,16,16,1,1,1
105,14,1761,193,16,16,1,1,1
106,14,1761,193,16,16,1,1,1
107,14,1761,193,16,16,1,1,1
108,14,1761,193,16,16,1,1,1
109,14,1761,193,16,16,1,1,1
110,14,1761,194,16,16,1,1,1
111,14,1761,194,16,16,1,1,1
112,14,1761,194,16,16,1,1,1
113,14,1761,194,16,16,1,1,1
114,14,1761,194,16,16,1,1,1
115,14,1761,194,16,16,1,1,1
116,14,1761,194,16,16,1,1,1
117,14,1761,194,16,16,1,1,1
118,14,1761,194,16,16,1,1,1
119,14,1761,194,16,16,1,1,1
120,14,1761,194,16,16,1,1,1
121,14,1761,194,16,16,1,1,1
122,14,1761,194,16,16,1,1,1
123,14,1761,194,16,16,1,1,1
124,14,1761,194,16,16,1,1,1
125,14,1761,194,16,16,1,1,1
126,14,1761,194,16,16,1,1,1
127,14,1761,194,16,16,1,1,1
128,14,1761,194,16,16,1,1,1
129,14,1761,194,16,16,1,1,1
130,14,1762,194,16,16,1,1,1
131,14,1762,194,16,16,1,1,1
132,14,1762,194,16,16,1,1,1
133,14,1762,194,16,16,1,1,1
134,14,1762,194,16,16,1,1,1
135,14,1762,194,16,16,1,1,1
136,14,1762,194,16,16,1,1,1
137,14,1762,194,16,16,1,1,1
138,14,1762,194,16,16,1,1,1
139,14,1762,194,16,16,1,1,1
140,14,1762,195,16,16,1,1,1
141,14,1762,195,16,16,1,1,1
142,14,1762,195,16,16,1,1,1
143,14,1762,195,16,16,1,1,1
144,14,1762,195,16,16,1,1,1
145,14,1762,195,16,16,1,1,1
146,14,1762,195,16,16,1,1,1
147,14,1762,195,16,16,1,1,1
148,14,1762,195,16,16,1,1,1
149,14,1762,195,16,16,1,1,1
150,14,1762,195,16,16,1,1,1
151,14,1762,195,16,16,1,1,1
152,14,1762,195,16,16,1,1,1
153,14,1762,195,16,16,1,1,1
154,14,1762,195,16,16,1,1,1
155,14,1762,195,16,16,1,1,1
156,14,1762,195,16,16,1,1,1
157,14,1762,195,16,16,1,1,1
158,14,1762,195,16,16,1,1,1
159,14,1762,195,16,16,1,1,1
160,14,1760,191,16,16,1,1,1
161,14,1760,191,16,16,1,1,1
162,14,1760,191,16,16,1,1,1
163,14,1760,191,16,16,1,1,1
164,14,1760,191,16,16,1,1,1
1,15,1778,191,10,10,1,1,1
2,15,1778,191,10,10,1,1,1
3,15,1778,191,10,10,1,1,1
4,15,1778,191,10,10,1,1,1
5,15,1778,191,10,10,1,1,1
6,15,1778,191,10,10,1,1,1
7,15,1778,191,10,10,1,1,1
8,15,1778,191,10,10,1,1,1
9,15,1778,191,10,10,1,1,1
10,15,1778,191,10,10,1,1,1
11,15,1778,191,10,10,1,1,1
12,15,1778,191,10,10,1,1,1
13,15,1778,191,10,10,1,1,1
14,15,1778,191,10,10,1,1,1
15,15,1778,191,10,10,1,1,1
16,15,1778,191,10,10,1,1,1
17,15,1778,191,10,10,1,1,1
18,15,1778,191,10,10,1,1,1
19,15,1778,191,10,10,1,1,1
20,15,1778,191,10,10,1,1,1
21,15,1778,191,10,10,1,1,1
22,15,1778,191,10,10,1,1,1
23,15,1778,191,10,10,1,1,1
24,15,1778,191,10,10,1,1,1
25,15,1778,191,10,10,1,1,1
26,15,1778,191,10,10,1,1,1
27,15,1778,191,10,10,1,1,1
28,15,1778,191,10,10,1,1,1
29,15,1778,191,10,10,1,1,1
30,15,1778,191,10,10,1,1,1
31,15,1778,191,10,10,1,1,1
32,15,1778,191,10,10,1,1,1
33,15,1778,191,10,10,1,1,1
34,15,1778,191,10,10,1,1,1
35,15,1778,191,10,10,1,1,1
36,15,1778,191,10,10,1,1,1
37,15,1778,191,10,10,1,1,1
38,15,1778,191,10,10,1,1,1
39,15,1778,191,10,10,1,1,1
40,15,1778,191,10,10,1,1,1
41,15,1778,191,10,10,1,1,1
42,15,1778,191,10,10,1,1,1
43,15,1778,191,10,10,1,1,1
44,15,1778,191,10,10,1,1,1
45,15,1778,191,10,10,1,1,1
46,15,1778,191,10,10,1,1,1
47,15,1778,191,10,10,1,1,1
48,15,1778,191,10,10,1,1,1
49,15,1778,191,10,10,1,1,1
50,15,1778,191,10,10,1,1,1
51,15,1778,191,10,10,1,1,1
52,15,1778,191,10,10,1,1,1
53,15,1778,191,10,10,1,1,1
54,15,1778,191,10,10,1,1,1
55,15,1778,191,10,10,1,1,1
56,15,1778,191,10,10,1,1,1
57,15,1778,191,10,10,1,1,1
58,15,1778,191,10,10,1,1,1
59,15,1778,191,10,10,1,1,1
60,15,1779,191,10,10,1,1,1
61,15,1779,191,10,10,1,1,1
62,15,1779,191,10,10,1,1,1
63,15,1779,191,10,10,1,1,1
64,15,1779,191,10,10,1,1,1
65,15,1779,191,10,10,1,1,1
66,15,1779,191,10,10,1,1,1
67,15,1779,191,10,10,1,1,1
68,15,1779,191,10,10,1,1,1
69,15,1779,191,10,10,1,1,1
70,15,1779,191,10,10,1,1,1
71,15,1779,191,10,10,1,1,1
72,15,1779,191,10,10,1,1,1
73,15,1779,191,10,10,1,1,1
74,15,1779,191,10,10,1,1,1
75,15,1779,191,10,10,1,1,1
76,15,1779,191,10,10,1,1,1
77,15,1779,191,10,10,1,1,1
78,15,1779,191,10,10,1,1,1
79,15,1779,191,10,10,1,1,1
80,15,1779,191,10,10,1,1,1
81,15,1779,191,10,10,1,1,1
82,15,1779,191,10,10,1,1,1
83,15,1779,191,10,10,1,1,1
84,15,1779,191,10,10,1,1,1
85,15,1779,191,10,10,1,1,1
86,15,1779,191,10,10,1,1,1
87,15,1779,191,10,10,1,1,1
88,15,1779,191,10,10,1,1,1
89,15,1779,191,10,10,1,1,1
90,15,1779,191,10,10,1,1,1
91,15,1779,191,10,10,1,1,1
92,15,1779,191,10,10,1,1,1
93,15,1779,191,10,10,1,1,1
94,15,1779,191,10,10,1,1,1
95,15,1779,191,10,10,1,1,1
96,15,1779,191,10,10,1,1,1
97,15,1779,191,10,10,1,1,1
98,15,1779,191,10,10,1,1,1
99,15,1779,191,10,10,1,1,1
100,15,1780,192,10,10,1,1,1
101,15,1780,192,10,10,1,1,1
102,15,1780,192,10,10,1,1,1
103,15,1780,192,10,10,1,1,1
104,15,1780,192,10,10,1,1,1
105,15,1780,192,10,10,1,1,1
106,15,1780,192,10,10,1,1,1
107,15,1780,192,10,10,1,1,1
108,15,1780,192,10,10,1,1,1
109,15,1780,192,10,10,1,1,1
110,15,1780,192,10,10,1,1,1
111,15,1780,192,10,10,1,1,1
112,15,1780,192,10,10,1,1,1
113,15,1780,192,10,10,1,1,1
114,15,1780,192,10,10,1,1,1
115,15,1780,192,10,10,1,1,1
116,15,1780,192,10,10,1,1,1
117,15,1780,192,10,10,1,1,1
118,15,1780,192,10,10,1,1,1
119,15,1780,192,10,10,1,1,1
120,15,1780,192,10,10,1,1,1
121,15,1780,192,10,10,1,1,1
122,15,1780,192,10,10,1,1,1
123,15,1780,192,10,10,1,1,1
124,15,1780,192,10,10,1,1,1
125,15,1780,192,10,10,1,1,1
126,15,1780,192,10,10,1,1,1
127,15,1780,192,10,10,1,1,1
128,15,1780,192,10,10,1,1,1
129,15,1780,192,10,10,1,1,1
130,15,1780,192,10,10,1,1,1
131,15,1780,192,10,10,1,1,1
132,15,1780,192,10,10,1,1,1
133,15,1780,192,10,10,1,1,1
134,15,1780,192,10,10,1,1,1
135,15,1780,192,10,10,1,1,1
136,15,1780,192,10,10,1,1,1
137,15,1780,192,10,10,1,1,1
138,15,1780,192,10,10,1,1,1
139,15,1780,192,10,10,1,1,1
140,15,1781,192,10,10,1,1,1
141,15,1781,192,10,10,1,1,1
142,15,1781,192,10,10,1,1,1
143,15,1781,192,10,10,1,1,1
144,15,1781,192,10,10,1,1,1
145,15,1781,192,10,10,1,1,1
146,15,1781,192,10,10,1,1,1
147,15,1781,192,10,10,1,1,1
148,15,1781,192,10,10,1,1,1
149,15,1781,192,10,10,1,1,1
150,15,1781,192,10,10,1,1,1
151,15,1781,192,10,10,1,1,1
152,15,1781,192,10,10,1,1,1
153,15,1781,192,10,10,1,1,1
154,15,1781,192,10,10,1,1,1
155,15,1781,192,10,10,1,1,1
156,15,1781,192,10,10,1,1,1
157,15,1781,192,10,10,1,1,1
158,15,1781,192,10,10,1,1,1
159,15,1781,192,10,10,1,1,1
160,15,1778,191,10,10,1,1,1
161,15,1778,191,10,10,1,1,1
162,15,1778,191,10,10,1,1,1
163,15,1778,191,10,10,1,1,1
164,15,1778,191,10,10,1,1,1
1,16,1767,165,15,14,1,1,1
2,16,1767,165,15,14,1,1,1
3,16,1767,165,15,14,1,1,1
4,16,1767,165,15,14,1,1,1
5,16,1767,165,15,14,1,1,1
6,16,1767,165,15,14,1,1,1
7,16,1767,165,15,14,1,1,1
8,16,1767,165,15,14,1,1,1
9,16,1767,165,15,14,1,1,1
10,16,1767,165,15,14,1,1,1
11,16,1767,165,15,14,1,1,1
12,16,1767,165,15,14,1,1,1
13,16,1767,165,15,14,1,1,1
14,16,1767,165,15,14,1,1,1
15,16,1767,165,15,14,1,1,1
16,16,1767,165,15,14,1,1,1
17,16,1767,165,15,14,1,1,1
18,16,1767,165,15,14,1,1,1
19,16,1767,165,15,14,1,1,1
20,16,1767,165,15,14,1,1,1
21,16,1767,165,15,14,1,1,1
22,16,1767,165,15,14,1,1,1
23,16,1767,165,15,14,1,1,1
24,16,1767,165,15,14,1,1,1
25,16,1767,165,15,14,1,1,1
26,16,1767,165,15,14,1,1,1
27,16,1767,165,15,14,1,1,1
28,16,1767,165,15,14,1,1,1
29,16,1767,165,15,14,1,1,1
30,16,1767,165,15,14,1,1,1
31,16,1767,165,15,14,1,1,1
32,16,1767,165,15,14,1,1,1
33,16,1767,165,15,14,1,1,1
34,16,1767,165,15,14,1,1,1
35,16,1767,165,15,14,1,1,1
36,16,1767,165,15,14,1,1,1
37,16,1767,165,15,14,1,1,1
38,16,1767,165,15,14,1,1,1
39,16,1767,165,15,14,1,1,1
40,16,1767,165,15,14,1,1,1
41,16,1767,165,15,14,1,1,1
42,16,1767,165,15,14,1,1,1
43,16,1767,165,15,14,1,1,1
44,16,1767,165,15,14,1,1,1
45,16,1767,165,15,14,1,1,1
46,16,1767,165,15,14,1,1,1
47,16,1767,165,15,14,1,1,1
48,16,1767,165,15,14,1,1,1
49,16,1767,165,15,14,1,1,1
50,16,1767,165,15,14,1,1,1
51,16,1767,165,15,14,1,1,1
52,16,1767,165,15,14,1,1,1
53,16,1767,165,15,14,1,1,1
54,16,1767,165,15,14,1,1,1
55,16,1767,165,15,14,1,1,1
56,16,1767,165,15,14,1,1,1
57,16,1767,165,15,14,1,1,1
58,16,1767,165,15,14,1,1,1
59,16,1767,165,15,14,1,1,1
60,16,1767,165,15,14,1,1,1
61,16,1767,165,15,14,1,1,1
62,16,1767,165,15,14,1,1,1
63,16,1767,165,15,14,1,1,1
64,16,1767,165,15,14,1,1,1
65,16,1767,165,15,14,1,1,1
66,16,1767,165,15,14,1,1,1
67,16,1767,165,15,14,1,1,1
68,16,1767,165,15,14,1,1,1
69,16,1767,165,15,14,1,1,1
70,16,1767,165,15,14,1,1,1
71,16,1767,165,15,14,1,1,1
72,16,1767,165,15,14,1,1,1
73,16,1767,165,15,14,1,1,1
74,16,1767,165,15,14,1,1,1
75,16,1767,165,15,14,1,1,1
76,16,1767,165,15,14,1,1,1
77,16,1767,165,15,14,1,1,1
78,16,1767,165,15,14,1,1,1
79,16,1767,165,15,14,1,1,1
80,16,1767,165,15,14,1,1,1
81,16,1767,165,15,14,1,1,1
82,16,1767,165,15,14,1,1,1
83,16,1767,165,15,14,1,1,1
84,16,1767,165,15,14,1,1,1
85,16,1767,165,15,14,1,1,1
86,16,1767,165,15,14,1,1,1
87,16,1767,165,15,14,1,1,1
88,16,1767,165,15,14,1,1,1
89,16,1767,165,15,14,1,1,1
90,16,1767,165,15,14,1,1,1
91,16,1767,165,15,14,1,1,1
92,16,1767,165,15,14,1,1,1
93,16,1767,165,15,14,1,1,1
94,16,1767,165,15,14,1,1,1
95,16,1767,165,15,14,1,1,1
96,16,1767,165,15,14,1,1,1
97,16,1767,165,15,14,1,1,1
98,16,1767,165,15,14,1,1,1
99,16,1767,165,15,14,1,1,1
100,16,1768,165,15,14,1,1,1
101,16,1768,165,15,14,1,1,1
102,16,1768,165,15,14,1,1,1
103,16,1768,165,15,14,1,1,1
104,16,1768,165,15,14,1,1,1
105,16,1768,165,15,14,1,1,1
106,16,1768,165,15,14,1,1,1
107,16,1768,165,15,14,1,1,1
108,16,1768,165,15,14,1,1,1
109,16,1768,165,15,14,1,1,1
110,16,1768,165,15,14,1,1,1
111,16,1768,165,15,14,1,1,1
112,16,1768,165,15,14,1,1,1
113,16,1768,165,15,14,1,1,1
114,16,1768,165,15,14,1,1,1
115,16,1768,165,15,14,1,1,1
116,16,1768,165,15,14,1,1,1
117,16,1768,165,15,14,1,1,1
118,16,1768,165,15,14,1,1,1
119,16,1768,165,15,14,1,1,1
120,16,1768,165,15,14,1,1,1
121,16,1768,165,15,14,1,1,1
122,16,1768,165,15,14,1,1,1
123,16,1768,165,15,14,1,1,1
124,16,1768,165,15,14,1,1,1
125,16,1768,165,15,14,1,1,1
126,16,1768,165,15,14,1,1,1
127,16,1768,165,15,14,1,1,1
128,16,1768,165,15,14,1,1,1
129,16,1768,165,15,14,1,1,1
130,16,1768,165,15,14,1,1,1
131,16,1768,165,15,14,1,1,1
132,16,1768,165,15,14,1,1,1
133,16,1768,165,15,14,1,1,1
134,16,1768,165,15,14,1,1,1
135,16,1768,165,15,14,1,1,1
136,16,1768,165,15,14,1,1,1
137,16,1768,165,15,14,1,1,1
138,16,1768,165,15,14,1,1,1
139,16,1768,165,15,14,1,1,1
140,16,1768,165,15,14,1,1,1
141,16,1768,165,15,14,1,1,1
142,16,1768,165,15,14,1,1,1
143,16,1768,165,15,14,1,1,1
144,16,1768,165,15,14,1,1,1
145,16,1768,165,15,14,1,1,1
146,16,1768,165,15,14,1,1,1
147,16,1768,165,15,14,1,1,1
148,16,1768,165,15,14,1,1,1
149,16,1768,165,15,14,1,1,1
150,16,1768,165,15,14,1,1,1
151,16,1768,165,15,14,1,1,1
152,16,1768,165,15,14,1,1,1
153,16,1768,165,15,14,1,1,1
154,16,1768,165,15,14,1,1,1
155,16,1768,165,15,14,1,1,1
156,16,1768,165,15,14,1,1,1
157,16,1768,165,15,14,1,1,1
158,16,1768,165,15,14,1,1,1
159,16,1768,165,15,14,1,1,1
160,16,1767,165,15,14,1,1,1
161,16,1767,165,15,14,1,1,1
162,16,1767,165,15,14,1,1,1
163,16,1767,165,15,14,1,1,1
164,16,1767,165,15,14,1,1,1
1,17,1785,178,10,12,1,1,1
2,17,1785,178,10,12,1,1,1
3,17,1785,178,10,12,1,1,1
4,17,1785,178,10,12,1,1,1
5,17,1785,178,10,12,1,1,1
6,17,1785,178,10,12,1,1,1
7,17,1785,178,10,12,1,1,1
8,17,1785,178,10,12,1,1,1
9,17,1785,178,10,12,1,1,1
10,17,1785,178,10,12,1,1,1
11,17,1785,178,10,12,1,1,1
12,17,1785,178,10,12,1,1,1
13,17,1785,178,10,12,1,1,1
14,17,1785,178,10,12,1,1,1
15,17,1785,178,10,12,1,1,1
16,17,1785,178,10,12,1,1,1
17,17,1785,178,10,12,1,1,1
18,17,1785,178,10,12,1,1,1
19,17,1785,178,10,12,1,1,1
20,17,1785,178,10,12,1,1,1
21,17,1785,178,10,12,1,1,1
22,17,1785,178,10,12,1,1,1
23,17,1785,178,10,12,1,1,1
24,17,1785,178,10,12,1,1,1
25,17,1785,178,10,12,1,1,1
26,17,1785,178,10,12,1,1,1
27,17,1785,178,10,12,1,1,1
28,17,1785,178,10,12,1,1,1
29,17,1785,178,10,12,1,1,1
30,17,1785,178,10,12,1,1,1
31,17,1785,178,10,12,1,1,1
32,17,1785,178,10,12,1,1,1
33,17,1785,178,10,12,1,1,1
34,17,1785,178,10,12,1,1,1
35,17,1785,178,10,12,1,1,1
36,17,1785,178,10,12,1,1,1
37,17,1785,178,10,12,1,1,1
38,17,1785,178,10,12,1,1,1
39,17,1785,178,10,12,1,1,1
40,17,1785,178,10,12,1,1,1
41,17,1785,178,10,12,1,1,1
42,17,1785,178,10,12,1,1,1
43,17,1785,178,10,12,1,1,1
44,17,1785,178,10,12,1,1,1
45,17,1785,178,10,12,1,1,1
46,17,1785,178,10,12,1,1,1
47,17,1785,178,10,12,1,1,1
48,17,1785,178,10,12,1,1,1
49,17,1785,178,10,12,1,1,1
50,17,1785,178,10,12,1,1,1
51,17,1785,178,10,12,1,1,1
52,17,1785,178,10,12,1,1,1
53,17,1785,178,10,12,1,1,1
54,17,1785,178,10,12,1,1,1
55,17,1785,178,10,12,1,1,1
56,17,1785,178,10,12,1,1,1
57,17,1785,178,10,12,1,1,1
58,17,1785,178,10,12,1,1,1
59,17,1785,178,10,12,1,1,1
60,17,1786,178,10,12,1,1,1
61,17,1786,178,10,12,1,1,1
62,17,1786,178,10,12,1,1,1
63,17,1786,178,10,12,1,1,1
64,17,1786,178,10,12,1,1,1
65,17,1786,178,10,12,1,1,1
66,17,1786,178,10,12,1,1,1
67,17,1786,178,10,12,1,1,1
68,17,1786,178,10,12,1,1,1
69,17,1786,178,10,12,1,1,1
70,17,1786,178,10,12,1,1,1
71,17,1786,178,10,12,1,1,1
72,17,1786,178,10,12,1,1,1
73,17,1786,178,10,12,1,1,1
74,17,1786,178,10,12,1,1,1
75,17,1786,178,10,12,1,1,1
76,17,1786,178,10,12,1,1,1
77,17,1786,178,10,12,1,1,1
78,17,1786,178,10,12,1,1,1
79,17,1786,178,10,12,1,1,1
80,17,1786,178,10,12,1,1,1
81,17,1786,178,10,12,1,1,1
82,17,1786,178,10,12,1,1,1
83,17,1786,178,10,12,1,1,1
84,17,1786,178,10,12,1,1,1
85,17,1786,178,10,12,1,1,1
86,17,1786,178,10,12,1,1,1
87,17,1786,178,10,12,1,1,1
88,17,1786,178,10,12,1,1,1
89,17,1786,178,10,12,1,1,1
90,17,1786,178,10,12,1,1,1
91,17,1786,178,10,12,1,1,1
92,17,1786,178,10,12,1,1,1
93,17,1786,178,10,12,1,1,1
94,17,1786,178,10,12,1,1,1
95,17,1786,178,10,12,1,1,1
96,17,1786,178,10,12,1,1,1
97,17,1786,178,10,12,1,1,1
98,17,1786,178,10,12,1,1,1
99,17,1786,178,10,12,1,1,1
100,17,1787,178,10,12,1,1,1
101,17,1787,178,10,12,1,1,1
102,17,1787,178,10,12,1,1,1
103,17,1787,178,10,12,1,1,1
104,17,1787,178,10,12,1,1,1
105,17,1787,178,10,12,1,1,1
106,17,1787,178,10,12,1,1,1
107,17,1787,178,10,12,1,1,1
108,17,1787,178,10,12,1,1,1
109,17,1787,178,10,12,1,1,1
110,17,1787,178,10,12,1,1,1
111,17,1787,178,10,12,1,1,1
112,17,1787,178,10,12,1,1,1
113,17,1787,178,10,12,1,1,1
114,17,1787,178,10,12,1,1,1
115,17,1787,178,10,12,1,1,1
116,17,1787,178,10,12,1,1,1
117,17,1787,178,10,12,1,1,1
118,17,1787,178,10,12,1,1,1
119,17,1787,178,10,12,1,1,1
120,17,1787,178,10,12,1,1,1
121,17,1787,178,10,12,1,1,1
122,17,1787,178,10,12,1,1,1
123,17,1787,178,10,12,1,1,1
124,17,1787,178,10,12,1,1,1
125,17,1787,178,10,12,1,1,1
126,17,1787,178,10,12,1,1,1
127,17,1787,178,10,12,1,1,1
128,17,1787,178,10,12,1,1,1
129,17,1787,178,10,12,1,1,1
130,17,1787,178,10,12,1,1,1
131,17,1787,178,10,12,1,1,1
132,17,1787,178,10,12,1,1,1
133,17,1787,178,10,12,1,1,1
134,17,1787,178,10,12,1,1,1
135,17,1787,178,10,12,1,1,1
136,17,1787,178,10,12,1,1,1
137,17,1787,178,10,12,1,1,1
138,17,1787,178,10,12,1,1,1
139,17,1787,178,10,12,1,1,1
140,17,1788,178,10,12,1,1,1
141,17,1788,178,10,12,1,1,1
142,17,1788,178,10,12,1,1,1
143,17,1788,178,10,12,1,1,1
144,17,1788,178,10,12,1,1,1
145,17,1788,178,10,12,1,1,1
146,17,1788,178,10,12,1,1,1
147,17,1788,178,10,12,1,1,1
148,17,1788,178,10,12,1,1,1
149,17,1788,178,10,12,1,1,1
150,17,1788,178,10,12,1,1,1
151,17,1788,178,10,12,1,1,1
152,17,1788,178,10,12,1,1,1
153,17,1788,178,10,12,1,1,1
154,17,1788,178,10,12,1,1,1
155,17,1788,178,10,12,1,1,1
156,17,1788,178,10,12,1,1,1
157,17,1788,178,10,12,1,1,1
158,17,1788,178,10,12,1,1,1
159,17,1788,178,10,12,1,1,1
160,17,1785,178,10,12,1,1,1
161,17,1785,178,10,12,1,1,1
162,17,1785,178,10,12,1,1,1
163,17,1785,178,10,12,1,1,1
164,17,1785,178,10,12,1,1,1
1,18,1769,181,12,12,1,1,1
2,18,1769,181,12,12,1,1,1
3,18,1769,181,12,12,1,1,1
4,18,1769,181,12,12,1,1,1
5,18,1769,181,12,12,1,1,1
6,18,1769,181,12,12,1,1,1
7,18,1769,181,12,12,1,1,1
8,18,1769,181,12,12,1,1,1
9,18,1769,181,12,12,1,1,1
10,18,1769,181,12,12,1,1,1
11,18,1769,181,12,12,1,1,1
12,18,1769,181,12,12,1,1,1
13,18,1769,181,12,12,1,1,1
14,18,1769,181,12,12,1,1,1
15,18,1769,181,12,12,1,1,1
16,18,1769,181,12,12,1,1,1
17,18,1769,181,12,12,1,1,1
18,18,1769,181,12,12,1,1,1
19,18,1769,181,12,12,1,1,1
20,18,1769,181,12,12,1,1,1
21,18,1769,181,12,12,1,1,1
22,18,1769,181,12,12,1,1,1
23,18,1769,181,12,12,1,1,1
24,18,1769,181,12,12,1,1,1
25,18,1769,181,12,12,1,1,1
26,18,1769,181,12,12,1,1,1
27,18,1769,181,12,12,1,1,1
28,18,1769,181,12,12,1,1,1
29,18,1769,181,12,12,1,1,1
30,18,1769,181,12,12,1,1,1
31,18,1769,181,12,12,1,1,1
32,18,1769,181,12,12,1,1,1
33,18,1769,181,12,12,1,1,1
34,18,1769,181,12,12,1,1,1
35,18,1769,181,12,12,1,1,1
36,18,1769,181,12,12,1,1,1
37,18,1769,181,12,12,1,1,1
38,18,1769,181,12,12,1,1,1
39,18,1769,181,12,12,1,1,1
40,18,1769,181,12,12,1,1,1
41,18,1769,181,12,12,1,1,1
42,18,1769,181,12,12,1,1,1
43,18,1769,181,12,12,1,1,1
44,18,1769,181,12,12,1,1,1
45,18,1769,181,12,12,1,1,1
46,18,1769,181,12,12,1,1,1
47,18,1769,181,12,12,1,1,1
48,18,1769,181,12,12,1,1,1
49,18,1769,181,12,12,1,1,1
50,18,1769,181,12,12,1,1,1
51,18,1769,181,12,12,1,1,1
52,18,1769,181,12,12,1,1,1
53,18,1769,181,12,12,1,1,1
54,18,1769,181,12,12,1,1,1
55,18,1769,181,12,12,1,1,1
56,18,1769,181,12,12,1,1,1
57,18,1769,181,12,12,1,1,1
58,18,1769,181,12,12,1,1,1
59,18,1769,181,12,12,1,1,1
60,18,1770,181,12,12,1,1,1
61,18,1770,181,12,12,1,1,1
62,18,1770,181,12,12,1,1,1
63,18,1770,181,12,12,1,1,1
64,18,1770,181,12,12,1,1,1
65,18,1770,181,12,12,1,1,1
66,18,1770,181,12,12,1,1,1
67,18,1770,181,12,12,1,1,1
68,18,1770,181,12,12,1,1,1
69,18,1770,181,12,12,1,1,1
70,18,1770,181,12,12,1,1,1
71,18,1770,181,12,12,1,1,1
72,18,1770,181,12,12,1,1,1
73,18,1770,181,12,12,1,1,1
74,18,1770,181,12,12,1,1,1
75,18,1770,181,12,12,1,1,1
76,18,1770,181,12,12,1,1,1
77,18,1770,181,12,12,1,1,1
78,18,1770,181,12,12,1,1,1
79,18,1770,181,12,12,1,1,1
80,18,1770,181,12,12,1,1,1
81,18,1770,181,12,12,1,1,1
82,18,1770,181,12,12,1,1,1
83,18,1770,181,12,12,1,1,1
84,18,1770,181,12,12,1,1,1
85,18,1770,181,12,12,1,1,1
86,18,1770,181,12,12,1,1,1
87,18,1770,181,12,12,1,1,1
88,18,1770,181,12,12,1,1,1
89,18,1770,181,12,12,1,1,1
90,18,1770,181,12,12,1,1,1
91,18,1770,181,12,12,1,1,1
92,18,1770,181,12,12,1,1,1
93,18,1770,181,12,12,1,1,1
94,18,1770,181,12,12,1,1,1
95,18,1770,181,12,12,1,1,1
96,18,1770,181,12,12,1,1,1
97,18,1770,181,12,12,1,1,1
98,18,1770,181,12,12,1,1,1
99,18,1770,181,12,12,1,1,1
100,18,1771,181,12,12,1,1,1
101,18,1771,181,12,12,1,1,1
102,18,1771,181,12,12,1,1,1
103,18,1771,181,12,12,1,1,1
104,18,1771,181,12,12,1,1,1
105,18,1771,181,12,12,1,1,1
106,18,1771,181,12,12,1,1,1
107,18,1771,181,12,12,1,1,1
108,18,1771,181,12,12,1,1,1
109,18,1771,181,12,12,1,1,1
110,18,1771,181,12,12,1,1,1
111,18,1771,181,12,12,1,1,1
112,18,1771,181,12,12,1,1,1
113,18,1771,181,12,12,1,1,1
114,18,1771,181,12,12,1,1,1
115,18,1771,181,12,12,1,1,1
116,18,1771,181,12,12,1,1,1
117,18,1771,181,12,12,1,1,1
118,18,1771,181,12,12,1,1,1
119,18,1771,181,12,12,1,1,1
120,18,1771,181,12,12,1,1,1
121,18,1771,181,12,12,1,1,1
122,18,1771,181,12,12,1,1,1
123,18,1771,181,12,12,1,1,1
124,18,1771,181,12,12,1,1,1
125,18,1771,181,12,12,1,1,1
126,18,1771,181,12,12,1,1,1
127,18,1771,181,12,12,1,1,1
128,18,1771,181,12,12,1,1,1
129,18,1771,181,12,12,1,1,1
130,18,1771,181,12,12,1,1,1
131,18,1771,181,12,12,1,1,1
132,18,1771,181,12,12,1,1,1
133,18,1771,181,12,12,1,1,1
134,18,1771,181,12,12,1,1,1
135,18,1771,181,12,12,1,1,1
136,18,1771,181,12,12,1,1,1
137,18,1771,181,12,12,1,1,1
138,18,1771,181,12,12,1,1,1
139,18,1771,181,12,12,1,1,1
140,18,1772,181,12,12,1,1,1
141,18,1772,181,12,12,1,1,1
142,18,1772,181,12,12,1,1,1
143,18,1772,181,12,12,1,1,1
144,18,1772,181,12,12,1,1,1
145,18,1772,181,12,12,1,1,1
146,18,1772,181,12,12,1,1,1
147,18,1772,181,12,12,1,1,1
148,18,1772,181,12,12,1,1,1
149,18,1772,181,12,12,1,1,1
150,18,1772,181,12,12,1,1,1
151,18,1772,181,12,12,1,1,1
152,18,1772,181,12,12,1,1,1
153,18,1772,181,12,12,1,1,1
154,18,1772,181,12,12,1,1,1
155,18,1772,181,12,12,1,1,1
156,18,1772,181,12,12,1,1,1
157,18,1772,181,12,12,1,1,1
158,18,1772,181,12,12,1,1,1
159,18,1772,181,12,12,1,1,1
160,18,1769,181,12,12,1,1,1
161,18,1769,181,12,12,1,1,1
162,18,1769,181,12,12,1,1,1
163,18,1769,181,12,12,1,1,1
164,18,1769,181,12,12,1,1,1
1,19,1618,166,10,11,1,1,1
2,19,1618,166,10,11,1,1,1
3,19,1618,166,10,11,1,1,1
4,19,1618,166,10,11,1,1,1
5,19,1618,166,10,11,1,1,1
6,19,1618,166,10,11,1,1,1
7,19,1618,166,10,11,1,1,1
8,19,1618,166,10,11,1,1,1
9,19,1618,166,10,11,1,1,1
10,19,1618,166,10,11,1,1,1
11,19,1618,166,10,11,1,1,1
12,19,1618,166,10,11,1,1,1
13,19,1618,166,10,11,1,1,1
14,19,1618,166,10,11,1,1,1
15,19,1618,166,10,11,1,1,1
16,19,1618,166,10,11,1,1,1
17,19,1618,166,10,11,1,1,1
18,19,1618,166,10,11,1,1,1
19,19,1618,166,10,11,1,1,1
20,19,1618,166,10,11,1,1,1
21,19,1618,166,10,11,1,1,1
22,19,1618,166,10,11,1,1,1
23,19,1618,166,10,11,1,1,1
24,19,1618,166,10,11,1,1,1
25,19,1618,166,10,11,1,1,1
26,19,1618,166,10,11,1,1,1
27,19,1618,166,10,11,1,1,1
28,19,1618,166,10,11,1,1,1
29,19,1618,166,10,11,1,1,1
30,19,1618,166,10,11,1,1,1
31,19,1618,166,10,11,1,1,1
32,19,1618,166,10,11,1,1,1
33,19,1618,166,10,11,1,1,1
34,19,1618,166,10,11,1,1,1
35,19,1618,166,10,11,1,1,1
36,19,1618,166,10,11,1,1,1
37,19,1618,166,10,11,1,1,1
38,19,1618,166,10,11,1,1,1
39,19,1618,166,10,11,1,1,1
40,19,1618,166,10,11,1,1,1
41,19,1618,166,10,11,1,1,1
42,19,1618,166,10,11,1,1,1
43,19,1618,166,10,11,1,1,1
44,19,1618,166,10,11,1,1,1
45,19,1618,166,10,11,1,1,1
46,19,1618,166,10,11,1,1,1
47,19,1618,166,10,11,1,1,1
48,19,1618,166,10,11,1,1,1
49,19,1618,166,10,11,1,1,1
50,19,1618,166,10,11,1,1,1
51,19,1618,166,10,11,1,1,1
52,19,1618,166,10,11,1,1,1
53,19,1618,166,10,11,1,1,1
54,19,1618,166,10,11,1,1,1
55,19,1618,166,10,11,1,1,1
56,19,1618,166,10,11,1,1,1
57,19,1618,166,10,11,1,1,1
58,19,1618,166,10,11,1,1,1
59,19,1618,166,10,11,1,1,1
60,19,1618,166,10,11,1,1,1
61,19,1618,166,10,11,1,1,1
62,19,1618,166,10,11,1,1,1
63,19,1618,166,10,11,1,1,1
64,19,1618,166,10,11,1,1,1
65,19,1618,166,10,11,1,1,1
66,19,1618,166,10,11,1,1,1
67,19,1618,166,10,11,1,1,1
68,19,1618,166,10,11,1,1,1
69,19,1618,166,10,11,1,1,1
70,19,1619,166,10,11,1,1,1
71,19,1619,166,10,11,1,1,1
72,19,1619,166,10,11,1,1,1
73,19,1619,166,10,11,1,1,1
74,19,1619,166,10,11,1,1,1
75,19,1619,166,10,11,1,1,1
76,19,1619,166,10,11,1,1,1
77,19,1619,166,10,11,1,1,1
78,19,1619,166,10,11,1,1,1
79,19,1619,166,10,11,1,1,1
80,19,1619,166,10,11,1,1,1
81,19,1619,166,10,11,1,1,1
82,19,1619,166,10,11,1,1,1
83,19,1619,166,10,11,1,1,1
84,19,1619,166,10,11,1,1,1
85,19,1619,166,10,11,1,1,1
86,19,1619,166,10,11,1,1,1
87,19,1619,166,10,11,1,1,1
88,19,1619,166,10,11,1,1,1
89,19,1619,166,10,11,1,1,1
90,19,1619,166,10,11,1,1,1
91,19,1619,166,10,11,1,1,1
92,19,1619,166,10,11,1,1,1
93,19,1619,166,10,11,1,1,1
94,19,1619,166,10,11,1,1,1
95,19,1619,166,10,11,1,1,1
96,19,1619,166,10,11,1,1,1
97,19,1619,166,10,11,1,1,1
98,19,1619,166,10,11,1,1,1
99,19,1619,166,10,11,1,1,1
100,19,1619,166,10,11,1,1,1
101,19,1619,166,10,11,1,1,1
102,19,1619,166,10,11,1,1,1
103,19,1619,166,10,11,1,1,1
104,19,1619,166,10,11,1,1,1
105,19,1619,166,10,11,1,1,1
106,19,1619,166,10,11,1,1,1
107,19,1619,166,10,11,1,1,1
108,19,1619,166,10,11,1,1,1
109,19,1619,166,10,11,1,1,1
110,19,1619,166,10,11,1,1,1
111,19,1619,166,10,11,1,1,1
112,19,1619,166,10,11,1,1,1
113,19,1619,166,10,11,1,1,1
114,19,1619,166,10,11,1,1,1
115,19,1619,166,10,11,1,1,1
116,19,1619,166,10,11,1,1,1
117,19,1619,166,10,11,1,1,1
118,19,1619,166,10,11,1,1,1
119,19,1619,166,10,11,1,1,1
120,19,1619,166,10,11,1,1,1
121,19,1619,166,10,11,1,1,1
122,19,1619,166,10,11,1,1,1
123,19,1619,166,10,11,1,1,1
124,19,1619,166,10,11,1,1,1
125,19,1619,166,10,11,1,1,1
126,19,1619,166,10,11,1,1,1
127,19,1619,166,10,11,1,1,1
128,19,1619,166,10,11,1,1,1
129,19,1619,166,10,11,1,1,1
130,19,1620,166,10,11,1,1,1
131,19,1620,166,10,11,1,1,1
132,19,1620,166,10,11,1,1,1
133,19,1620,166,10,11,1,1,1
134,19,1620,166,10,11,1,1,1
135,19,1620,166,10,11,1,1,1
136,19,1620,166,10,11,1,1,1
137,19,1620,166,10,11,1,1,1
138,19,1620,166,10,11,1,1,1
139,19,1620,166,10,11,1,1,1
140,19,1620,166,10,11,1,1,1
141,19,1620,166,10,11,1,1,1
142,19,1620,166,10,11,1,1,1
143,19,1620,166,10,11,1,1,1
144,19,1620,166,10,11,1,1,1
145,19,1620,166,10,11,1,1,1
146,19,1620,166,10,11,1,1,1
147,19,1620,166,10,11,1,1,1
148,19,1620,166,10,11,1,1,1
149,19,1620,166,10,11,1,1,1
150,19,1620,166,10,11,1,1,1
151,19,1620,166,10,11,1,1,1
152,19,1620,166,10,11,1,1,1
153,19,1620,166,10,11,1,1,1
154,19,1620,166,10,11,1,1,1
155,19,1620,166,10,11,1,1,1
156,19,1620,166,10,11,1,1,1
157,19,1620,166,10,11,1,1,1
158,19,1620,166,10,11,1,1,1
159,19,1620,166,10,11,1,1,1
160,19,1618,166,10,11,1,1,1
161,19,1618,166,10,11,1,1,1
162,19,1618,166,10,11,1,1,1
163,19,1618,166,10,11,1,1,1
164,19,1618,166,10,11,1,1,1
